ds,sortby,pushed,language,license_key,repo_count,repos_with_license,repos_with_issues,repos_with_downloads,repos_with_wiki,repos_with_projects,repos_with_pages,size_min,size_max,size_sum,size_avg,size_std,size_q10,size_q25,size_q50,size_q75,size_q90,days_since_create_min,days_since_create_max,days_since_create_avg,days_since_create_std,days_since_create_q10,days_since_create_q25,days_since_create_q50,days_since_create_q75,days_since_create_q90,days_since_push_min,days_since_push_max,days_since_push_avg,days_since_push_std,days_since_push_q10,days_since_push_q25,days_since_push_q50,days_since_push_q75,days_since_push_q90,stargazers_count_min,stargazers_count_max,stargazers_count_sum,stargazers_count_avg,stargazers_count_std,stargazers_count_q10,stargazers_count_q25,stargazers_count_q50,stargazers_count_q75,stargazers_count_q90,forks_count_min,forks_count_max,forks_count_sum,forks_count_avg,forks_count_std,forks_count_q10,forks_count_q25,forks_count_q50,forks_count_q75,forks_count_q90,open_issues_count_min,open_issues_count_max,open_issues_count_sum,open_issues_count_avg,open_issues_count_std,open_issues_count_q10,open_issues_count_q25,open_issues_count_q50,open_issues_count_q75,open_issues_count_q90,topics_count_min,topics_count_max,topics_count_avg,topics_count_std,topics_count_q10,topics_count_q25,topics_count_q50,topics_count_q75,topics_count_q90
2022-01-20,stars,004_1month,ada,,8,0.0,8.0,8.0,7.0,8.0,1.0,26.0,140090.0,151404.0,18925.5,49005.264399420834,105.80000000000001,163.25,785.0,3891.75,46455.89999999998,6.0,1960.0,521.625,696.1836657295053,9.5,26.0,199.0,793.25,1332.7999999999997,1.0,25.0,10.25,7.086203900134804,4.5,6.75,9.0,11.75,17.299999999999997,0.0,232.0,236.0,29.5,81.83432741128348,0.0,0.0,0.0,1.0,72.39999999999996,0.0,43.0,44.0,5.5,15.156328239856965,0.0,0.0,0.0,0.25,13.599999999999993,0.0,41.0,44.0,5.5,14.382529084175108,0.0,0.0,0.0,0.75,14.399999999999993,0.0,3.0,0.375,1.0606601717798212,0.0,0.0,0.0,0.0,0.8999999999999995
2022-01-20,stars,004_1month,ada,agpl-3.0,1,1.0,1.0,1.0,0.0,1.0,0.0,24152.0,24152.0,24152.0,24152.0,,24152.0,24152.0,24152.0,24152.0,24152.0,1443.0,1443.0,1443.0,,1443.0,1443.0,1443.0,1443.0,1443.0,1.0,1.0,1.0,,1.0,1.0,1.0,1.0,1.0,73.0,73.0,73.0,73.0,,73.0,73.0,73.0,73.0,73.0,3.0,3.0,3.0,3.0,,3.0,3.0,3.0,3.0,3.0,169.0,169.0,169.0,169.0,,169.0,169.0,169.0,169.0,169.0,7.0,7.0,7.0,,7.0,7.0,7.0,7.0,7.0
2022-01-20,stars,004_1month,ada,apache-2.0,5,5.0,5.0,5.0,4.0,4.0,0.0,16.0,11603.0,14354.0,2870.8,4918.19659021475,112.4,257.0,926.0,1552.0,7582.6,8.0,2560.0,1523.4,1297.8184772917975,89.2,211.0,2278.0,2560.0,2560.0,6.0,20.0,16.4,5.856620185738529,10.8,18.0,19.0,19.0,19.6,1.0,17.0,50.0,10.0,6.928203230275509,2.6,5.0,11.0,16.0,16.6,0.0,2.0,4.0,0.8,0.8366600265340756,0.0,0.0,1.0,1.0,1.6,0.0,1.0,3.0,0.6,0.5477225575051661,0.0,0.0,1.0,1.0,1.0,2.0,7.0,5.2,1.9235384061671346,3.2,5.0,6.0,6.0,6.6
2022-01-20,stars,004_1month,ada,cc0-1.0,1,1.0,1.0,1.0,1.0,1.0,0.0,62.0,62.0,62.0,62.0,,62.0,62.0,62.0,62.0,62.0,130.0,130.0,130.0,,130.0,130.0,130.0,130.0,130.0,5.0,5.0,5.0,,5.0,5.0,5.0,5.0,5.0,0.0,0.0,0.0,0.0,,0.0,0.0,0.0,0.0,0.0,0.0,0.0,0.0,0.0,,0.0,0.0,0.0,0.0,0.0,0.0,0.0,0.0,0.0,,0.0,0.0,0.0,0.0,0.0,0.0,0.0,0.0,,0.0,0.0,0.0,0.0,0.0
2022-01-20,stars,004_1month,ada,gpl-3.0,6,6.0,6.0,6.0,6.0,6.0,1.0,18.0,63875.0,108247.0,18041.166666666668,24479.22923963634,2373.0,4927.0,5871.0,22467.5,45879.5,3.0,2122.0,1380.8333333333333,747.493790386694,603.5,1255.5,1563.5,1801.0,1975.5,1.0,13.0,3.8333333333333335,4.5789372857319925,1.0,1.25,2.5,3.0,8.0,0.0,138.0,286.0,47.666666666666664,66.30434877643145,0.5,2.75,9.5,98.75,133.0,0.0,40.0,65.0,10.833333333333334,16.904634473027407,0.0,0.0,1.0,17.75,31.5,0.0,137.0,171.0,28.5,53.7875450267067,0.0,0.25,7.0,18.25,78.5,0.0,7.0,3.0,3.3466401061363023,0.0,0.0,2.5,5.75,6.5
2022-01-20,stars,004_1month,ada,isc,2,2.0,2.0,2.0,2.0,2.0,0.0,6754.0,169780.0,176534.0,88267.0,115276.7901097181,23056.6,47510.5,88267.0,129023.5,153477.4,6.0,2271.0,1138.5,1601.5968593875302,232.5,572.25,1138.5,1704.75,2044.5,2.0,6.0,4.0,2.8284271247461903,2.4,3.0,4.0,5.0,5.6,0.0,12.0,12.0,6.0,8.48528137423857,1.2000000000000002,3.0,6.0,9.0,10.8,0.0,0.0,0.0,0.0,0.0,0.0,0.0,0.0,0.0,0.0,0.0,0.0,0.0,0.0,0.0,0.0,0.0,0.0,0.0,0.0,0.0,0.0,0.0,0.0,0.0,0.0,0.0,0.0,0.0
2022-01-20,stars,004_1month,ada,lgpl-2.1,1,1.0,1.0,1.0,1.0,1.0,0.0,3406.0,3406.0,3406.0,3406.0,,3406.0,3406.0,3406.0,3406.0,3406.0,2258.0,2258.0,2258.0,,2258.0,2258.0,2258.0,2258.0,2258.0,1.0,1.0,1.0,,1.0,1.0,1.0,1.0,1.0,6.0,6.0,6.0,6.0,,6.0,6.0,6.0,6.0,6.0,4.0,4.0,4.0,4.0,,4.0,4.0,4.0,4.0,4.0,0.0,0.0,0.0,0.0,,0.0,0.0,0.0,0.0,0.0,0.0,0.0,0.0,,0.0,0.0,0.0,0.0,0.0
2022-01-20,stars,004_1month,ada,mit,2,2.0,2.0,2.0,2.0,1.0,1.0,323.0,153084.0,153407.0,76703.5,108018.33900083818,15599.1,38513.25,76703.5,114893.75,137807.9,62.0,1113.0,587.5,743.1692270270614,167.10000000000002,324.75,587.5,850.25,1007.9,1.0,13.0,7.0,8.48528137423857,2.2,4.0,7.0,10.0,11.8,1.0,2.0,3.0,1.5,0.7071067811865476,1.1,1.25,1.5,1.75,1.9,0.0,0.0,0.0,0.0,0.0,0.0,0.0,0.0,0.0,0.0,0.0,1.0,1.0,0.5,0.7071067811865476,0.1,0.25,0.5,0.75,0.9,0.0,7.0,3.5,4.949747468305833,0.7000000000000001,1.75,3.5,5.25,6.3
2022-01-20,stars,004_1month,ada,other,4,4.0,4.0,4.0,2.0,4.0,2.0,397.0,8519.0,15897.0,3974.25,3528.1649030811095,932.5000000000001,1735.75,3490.5,5729.0,7403.000000000001,604.0,2564.0,1243.75,901.1187028725276,645.4,707.5,903.5,1439.75,2114.3,1.0,16.0,8.75,6.601767440112787,2.5,4.75,9.0,13.0,14.8,2.0,53.0,105.0,26.25,20.886598574205422,8.600000000000001,18.5,25.0,32.75,44.900000000000006,1.0,9.0,19.0,4.75,3.3040379335998353,1.9000000000000001,3.25,4.5,6.0,7.800000000000001,0.0,4.0,7.0,1.75,2.06155281280883,0.0,0.0,1.5,3.25,3.7,0.0,7.0,3.0,3.559026084010437,0.0,0.0,2.5,5.5,6.4
2022-01-20,stars,004_1month,agda,,6,0.0,6.0,6.0,6.0,6.0,0.0,4.0,6927.0,13926.0,2321.0,2812.1786571980097,63.0,150.0,1306.0,3790.25,5594.0,2.0,238.0,116.83333333333333,106.8801509479972,11.0,25.25,114.5,206.0,225.0,1.0,15.0,6.166666666666667,5.776388721914988,1.0,1.25,5.0,9.5,12.5,0.0,74.0,81.0,13.5,29.73045576509045,0.0,0.0,0.5,4.75,40.0,0.0,5.0,5.0,0.8333333333333334,2.0412414523193148,0.0,0.0,0.0,0.0,2.5,0.0,5.0,6.0,1.0,2.0,0.0,0.0,0.0,0.75,3.0,0.0,4.0,0.6666666666666666,1.632993161855452,0.0,0.0,0.0,0.0,2.0
2022-01-20,stars,004_1month,agda,cc0-1.0,1,1.0,1.0,1.0,1.0,1.0,0.0,39.0,39.0,39.0,39.0,,39.0,39.0,39.0,39.0,39.0,14.0,14.0,14.0,,14.0,14.0,14.0,14.0,14.0,0.0,0.0,0.0,,0.0,0.0,0.0,0.0,0.0,0.0,0.0,0.0,0.0,,0.0,0.0,0.0,0.0,0.0,0.0,0.0,0.0,0.0,,0.0,0.0,0.0,0.0,0.0,0.0,0.0,0.0,0.0,,0.0,0.0,0.0,0.0,0.0,0.0,0.0,0.0,,0.0,0.0,0.0,0.0,0.0
2022-01-20,stars,004_1month,agda,gpl-3.0,2,2.0,2.0,2.0,2.0,2.0,1.0,8866.0,11071.0,19937.0,9968.5,1559.1704525163373,9086.5,9417.25,9968.5,10519.75,10850.5,1445.0,1756.0,1600.5,219.9102089490163,1476.1,1522.75,1600.5,1678.25,1724.9,2.0,13.0,7.5,7.7781745930520225,3.1,4.75,7.5,10.25,11.9,66.0,87.0,153.0,76.5,14.849242404917497,68.1,71.25,76.5,81.75,84.9,7.0,15.0,22.0,11.0,5.656854249492381,7.8,9.0,11.0,13.0,14.2,2.0,4.0,6.0,3.0,1.4142135623730951,2.2,2.5,3.0,3.5,3.8,4.0,11.0,7.5,4.949747468305833,4.7,5.75,7.5,9.25,10.3
2022-01-20,stars,004_1month,agda,mit,1,1.0,1.0,1.0,1.0,1.0,0.0,283.0,283.0,283.0,283.0,,283.0,283.0,283.0,283.0,283.0,185.0,185.0,185.0,,185.0,185.0,185.0,185.0,185.0,15.0,15.0,15.0,,15.0,15.0,15.0,15.0,15.0,0.0,0.0,0.0,0.0,,0.0,0.0,0.0,0.0,0.0,0.0,0.0,0.0,0.0,,0.0,0.0,0.0,0.0,0.0,0.0,0.0,0.0,0.0,,0.0,0.0,0.0,0.0,0.0,0.0,0.0,0.0,,0.0,0.0,0.0,0.0,0.0
2022-01-20,stars,004_1month,coq,,7,0.0,7.0,7.0,7.0,7.0,0.0,102.0,11511.0,19530.0,2790.0,4340.816820215599,151.8,218.0,843.0,3319.0,8077.200000000003,3.0,1961.0,792.7142857142857,858.1013371169543,8.4,135.5,302.0,1506.0,1911.2,1.0,27.0,8.285714285714286,9.961831921795069,1.0,1.0,2.0,13.0,19.200000000000003,0.0,40.0,94.0,13.428571428571429,13.587459203951548,0.0,4.5,12.0,16.5,26.20000000000001,0.0,4.0,10.0,1.4285714285714286,1.618347187425374,0.0,0.0,1.0,2.5,3.4000000000000004,0.0,9.0,19.0,2.7142857142857144,3.498298906339371,0.0,0.0,2.0,4.0,7.200000000000001,0.0,6.0,2.142857142857143,2.734262327610589,0.0,0.0,0.0,4.5,5.4
2022-01-20,stars,004_1month,coq,bsd-2-clause,1,1.0,1.0,1.0,1.0,1.0,1.0,2251.0,2251.0,2251.0,2251.0,,2251.0,2251.0,2251.0,2251.0,2251.0,3438.0,3438.0,3438.0,,3438.0,3438.0,3438.0,3438.0,3438.0,1.0,1.0,1.0,,1.0,1.0,1.0,1.0,1.0,108.0,108.0,108.0,108.0,,108.0,108.0,108.0,108.0,108.0,39.0,39.0,39.0,39.0,,39.0,39.0,39.0,39.0,39.0,18.0,18.0,18.0,18.0,,18.0,18.0,18.0,18.0,18.0,3.0,3.0,3.0,,3.0,3.0,3.0,3.0,3.0
2022-01-20,stars,004_1month,coq,bsd-3-clause,1,1.0,1.0,1.0,1.0,1.0,0.0,2755.0,2755.0,2755.0,2755.0,,2755.0,2755.0,2755.0,2755.0,2755.0,2757.0,2757.0,2757.0,,2757.0,2757.0,2757.0,2757.0,2757.0,7.0,7.0,7.0,,7.0,7.0,7.0,7.0,7.0,611.0,611.0,611.0,611.0,,611.0,611.0,611.0,611.0,611.0,52.0,52.0,52.0,52.0,,52.0,52.0,52.0,52.0,52.0,2.0,2.0,2.0,2.0,,2.0,2.0,2.0,2.0,2.0,13.0,13.0,13.0,,13.0,13.0,13.0,13.0,13.0
2022-01-20,stars,004_1month,coq,gpl-3.0,1,1.0,1.0,1.0,0.0,0.0,0.0,18722.0,18722.0,18722.0,18722.0,,18722.0,18722.0,18722.0,18722.0,18722.0,841.0,841.0,841.0,,841.0,841.0,841.0,841.0,841.0,3.0,3.0,3.0,,3.0,3.0,3.0,3.0,3.0,52.0,52.0,52.0,52.0,,52.0,52.0,52.0,52.0,52.0,5.0,5.0,5.0,5.0,,5.0,5.0,5.0,5.0,5.0,2.0,2.0,2.0,2.0,,2.0,2.0,2.0,2.0,2.0,7.0,7.0,7.0,,7.0,7.0,7.0,7.0,7.0
2022-01-20,stars,004_1month,coq,lgpl-2.1,2,2.0,2.0,2.0,2.0,2.0,0.0,3310.0,4368.0,7678.0,3839.0,748.1189744953673,3415.8,3574.5,3839.0,4103.5,4262.2,1263.0,1492.0,1377.5,161.92745289171938,1285.9,1320.25,1377.5,1434.75,1469.1,2.0,13.0,7.5,7.7781745930520225,3.1,4.75,7.5,10.25,11.9,51.0,55.0,106.0,53.0,2.8284271247461903,51.4,52.0,53.0,54.0,54.6,5.0,6.0,11.0,5.5,0.7071067811865476,5.1,5.25,5.5,5.75,5.9,9.0,13.0,22.0,11.0,2.8284271247461903,9.4,10.0,11.0,12.0,12.6,7.0,8.0,7.5,0.7071067811865476,7.1,7.25,7.5,7.75,7.9
2022-01-20,stars,004_1month,coq,mit,9,9.0,9.0,9.0,9.0,9.0,2.0,133.0,137980.0,161073.0,17897.0,45125.90562249139,325.0,526.0,1980.0,7399.0,33581.60000000002,4.0,2269.0,1037.3333333333333,671.878151155401,366.40000000000003,571.0,1234.0,1332.0,1611.4,1.0,24.0,8.555555555555555,8.079466429027214,1.0,1.0,8.0,13.0,18.400000000000002,0.0,159.0,394.0,43.77777777777778,61.81378846539374,0.8,3.0,21.0,29.0,146.2,0.0,40.0,95.0,10.555555555555555,15.281615679560122,0.0,1.0,4.0,8.0,35.2,0.0,42.0,73.0,8.11111111111111,14.251705550954634,0.0,0.0,1.0,6.0,24.400000000000006,0.0,9.0,4.666666666666667,3.3541019662496843,0.0,3.0,4.0,8.0,8.2
2022-01-20,stars,004_1month,coq,other,4,4.0,4.0,4.0,4.0,4.0,0.0,1606.0,48076.0,58571.0,14642.75,22332.761455986583,2306.2000000000003,3356.5,4444.5,15730.75,35137.90000000001,812.0,1809.0,1238.5,498.9672667954616,816.8,824.0,1166.5,1581.0,1717.8,1.0,14.0,8.0,5.477225575051661,2.8000000000000003,5.5,8.5,11.0,12.8,10.0,67.0,119.0,29.75,25.578311124857326,12.100000000000001,15.25,21.0,35.5,54.400000000000006,2.0,17.0,45.0,11.25,6.500000000000001,5.0,9.5,13.0,14.75,16.1,0.0,6.0,10.0,2.5,2.6457513110645907,0.30000000000000004,0.75,2.0,3.75,5.1000000000000005,0.0,4.0,1.0,2.0,0.0,0.0,0.0,1.0,2.8000000000000007
2022-01-20,stars,004_1month,idris,,2,0.0,2.0,2.0,2.0,2.0,0.0,8.0,140.0,148.0,74.0,93.33809511662427,21.200000000000003,41.0,74.0,107.0,126.8,19.0,361.0,190.0,241.83051916579925,53.2,104.5,190.0,275.5,326.8,15.0,26.0,20.5,7.7781745930520225,16.1,17.75,20.5,23.25,24.9,0.0,0.0,0.0,0.0,0.0,0.0,0.0,0.0,0.0,0.0,0.0,0.0,0.0,0.0,0.0,0.0,0.0,0.0,0.0,0.0,0.0,0.0,0.0,0.0,0.0,0.0,0.0,0.0,0.0,0.0,0.0,0.0,0.0,0.0,0.0,0.0,0.0,0.0,0.0
2022-01-20,stars,004_1month,idris,apache-2.0,1,1.0,1.0,1.0,0.0,0.0,1.0,520.0,520.0,520.0,520.0,,520.0,520.0,520.0,520.0,520.0,690.0,690.0,690.0,,690.0,690.0,690.0,690.0,690.0,0.0,0.0,0.0,,0.0,0.0,0.0,0.0,0.0,17.0,17.0,17.0,17.0,,17.0,17.0,17.0,17.0,17.0,0.0,0.0,0.0,0.0,,0.0,0.0,0.0,0.0,0.0,30.0,30.0,30.0,30.0,,30.0,30.0,30.0,30.0,30.0,0.0,0.0,0.0,,0.0,0.0,0.0,0.0,0.0
2022-01-20,stars,004_1month,idris,bsd-2-clause,1,1.0,1.0,1.0,1.0,1.0,0.0,463.0,463.0,463.0,463.0,,463.0,463.0,463.0,463.0,463.0,452.0,452.0,452.0,,452.0,452.0,452.0,452.0,452.0,8.0,8.0,8.0,,8.0,8.0,8.0,8.0,8.0,61.0,61.0,61.0,61.0,,61.0,61.0,61.0,61.0,61.0,7.0,7.0,7.0,7.0,,7.0,7.0,7.0,7.0,7.0,0.0,0.0,0.0,0.0,,0.0,0.0,0.0,0.0,0.0,0.0,0.0,0.0,,0.0,0.0,0.0,0.0,0.0
2022-01-20,stars,004_1month,idris,gpl-2.0,1,1.0,1.0,1.0,1.0,1.0,0.0,5529.0,5529.0,5529.0,5529.0,,5529.0,5529.0,5529.0,5529.0,5529.0,252.0,252.0,252.0,,252.0,252.0,252.0,252.0,252.0,3.0,3.0,3.0,,3.0,3.0,3.0,3.0,3.0,0.0,0.0,0.0,0.0,,0.0,0.0,0.0,0.0,0.0,0.0,0.0,0.0,0.0,,0.0,0.0,0.0,0.0,0.0,0.0,0.0,0.0,0.0,,0.0,0.0,0.0,0.0,0.0,0.0,0.0,0.0,,0.0,0.0,0.0,0.0,0.0
2022-01-20,stars,004_1month,idris,mit,1,1.0,1.0,1.0,1.0,1.0,0.0,6.0,6.0,6.0,6.0,,6.0,6.0,6.0,6.0,6.0,12.0,12.0,12.0,,12.0,12.0,12.0,12.0,12.0,9.0,9.0,9.0,,9.0,9.0,9.0,9.0,9.0,0.0,0.0,0.0,0.0,,0.0,0.0,0.0,0.0,0.0,0.0,0.0,0.0,0.0,,0.0,0.0,0.0,0.0,0.0,0.0,0.0,0.0,0.0,,0.0,0.0,0.0,0.0,0.0,0.0,0.0,0.0,,0.0,0.0,0.0,0.0,0.0
2022-01-20,stars,004_1month,isabelle,,1,0.0,1.0,1.0,1.0,1.0,0.0,5249.0,5249.0,5249.0,5249.0,,5249.0,5249.0,5249.0,5249.0,5249.0,399.0,399.0,399.0,,399.0,399.0,399.0,399.0,399.0,2.0,2.0,2.0,,2.0,2.0,2.0,2.0,2.0,1.0,1.0,1.0,1.0,,1.0,1.0,1.0,1.0,1.0,0.0,0.0,0.0,0.0,,0.0,0.0,0.0,0.0,0.0,0.0,0.0,0.0,0.0,,0.0,0.0,0.0,0.0,0.0,0.0,0.0,0.0,,0.0,0.0,0.0,0.0,0.0
2022-01-20,stars,004_1month,isabelle,apache-2.0,1,1.0,1.0,1.0,1.0,1.0,0.0,3661.0,3661.0,3661.0,3661.0,,3661.0,3661.0,3661.0,3661.0,3661.0,23.0,23.0,23.0,,23.0,23.0,23.0,23.0,23.0,11.0,11.0,11.0,,11.0,11.0,11.0,11.0,11.0,1.0,1.0,1.0,1.0,,1.0,1.0,1.0,1.0,1.0,0.0,0.0,0.0,0.0,,0.0,0.0,0.0,0.0,0.0,0.0,0.0,0.0,0.0,,0.0,0.0,0.0,0.0,0.0,0.0,0.0,0.0,,0.0,0.0,0.0,0.0,0.0
2022-01-20,stars,004_1month,isabelle,other,1,1.0,1.0,1.0,0.0,0.0,0.0,66378.0,66378.0,66378.0,66378.0,,66378.0,66378.0,66378.0,66378.0,66378.0,2744.0,2744.0,2744.0,,2744.0,2744.0,2744.0,2744.0,2744.0,0.0,0.0,0.0,,0.0,0.0,0.0,0.0,0.0,382.0,382.0,382.0,382.0,,382.0,382.0,382.0,382.0,382.0,81.0,81.0,81.0,81.0,,81.0,81.0,81.0,81.0,81.0,11.0,11.0,11.0,11.0,,11.0,11.0,11.0,11.0,11.0,5.0,5.0,5.0,,5.0,5.0,5.0,5.0,5.0
2022-01-20,stars,004_1month,lean,,4,0.0,4.0,4.0,3.0,3.0,2.0,25.0,323749.0,326004.0,81501.0,161500.42169604386,149.8,337.0,1115.0,82279.0,227161.00000000006,71.0,1752.0,568.25,793.0743449807633,106.10000000000001,158.75,225.0,634.5,1305.0000000000002,0.0,4.0,2.0,1.8257418583505536,0.30000000000000004,0.75,2.0,3.25,3.7,1.0,19.0,34.0,8.5,7.724420150837645,2.2,4.0,7.0,11.5,16.0,0.0,2.0,3.0,0.75,0.9574271077563381,0.0,0.0,0.5,1.25,1.7000000000000002,0.0,0.0,0.0,0.0,0.0,0.0,0.0,0.0,0.0,0.0,0.0,0.0,0.0,0.0,0.0,0.0,0.0,0.0,0.0
2022-01-20,stars,004_1month,lean,apache-2.0,3,3.0,3.0,3.0,3.0,3.0,1.0,185.0,584183.0,585582.0,195194.0,336874.7486841363,390.8,699.5,1214.0,292698.5,467589.2,16.0,1376.0,542.6666666666666,730.0228306932142,60.0,126.0,236.0,806.0,1148.0,0.0,16.0,5.666666666666667,8.962886439832502,0.2,0.5,1.0,8.5,13.0,1.0,1324.0,1358.0,452.6666666666667,754.7664097807568,7.4,17.0,33.0,678.5,1065.8000000000002,0.0,119.0,125.0,41.666666666666664,67.03978918025723,1.2000000000000002,3.0,6.0,62.5,96.4,0.0,101.0,110.0,36.666666666666664,55.89573627150226,1.8,4.5,9.0,55.0,82.60000000000001,1.0,4.0,2.3333333333333335,1.5275252316519465,1.2,1.5,2.0,3.0,3.6
2022-01-20,stars,004_1month,lean,mit,1,1.0,1.0,1.0,1.0,1.0,0.0,74.0,74.0,74.0,74.0,,74.0,74.0,74.0,74.0,74.0,332.0,332.0,332.0,,332.0,332.0,332.0,332.0,332.0,14.0,14.0,14.0,,14.0,14.0,14.0,14.0,14.0,22.0,22.0,22.0,22.0,,22.0,22.0,22.0,22.0,22.0,1.0,1.0,1.0,1.0,,1.0,1.0,1.0,1.0,1.0,2.0,2.0,2.0,2.0,,2.0,2.0,2.0,2.0,2.0,3.0,3.0,3.0,,3.0,3.0,3.0,3.0,3.0
2022-01-20,stars,004_1month,sml,,7,0.0,7.0,7.0,6.0,6.0,1.0,163.0,568456.0,724466.0,103495.14285714286,209275.66933786048,254.20000000000002,329.5,446.0,77371.0,295609.60000000015,21.0,2801.0,759.7142857142857,1119.7247748570053,51.60000000000001,86.5,117.0,1103.0,2257.4000000000005,0.0,21.0,10.428571428571429,9.829498848824777,0.6000000000000001,2.0,7.0,20.5,21.0,0.0,211.0,219.0,31.285714285714285,79.30261510129891,0.0,0.0,0.0,4.0,89.20000000000007,0.0,22.0,25.0,3.5714285714285716,8.202786982831766,0.0,0.0,0.0,1.5,10.600000000000007,0.0,11.0,11.0,1.5714285714285714,4.157609203101499,0.0,0.0,0.0,0.0,4.400000000000004,0.0,5.0,1.2857142857142858,2.214669705568283,0.0,0.0,0.0,2.0,4.4
2022-01-20,stars,004_1month,sml,bsd-3-clause,1,1.0,1.0,1.0,0.0,0.0,0.0,629.0,629.0,629.0,629.0,,629.0,629.0,629.0,629.0,629.0,1870.0,1870.0,1870.0,,1870.0,1870.0,1870.0,1870.0,1870.0,10.0,10.0,10.0,,10.0,10.0,10.0,10.0,10.0,12.0,12.0,12.0,12.0,,12.0,12.0,12.0,12.0,12.0,3.0,3.0,3.0,3.0,,3.0,3.0,3.0,3.0,3.0,0.0,0.0,0.0,0.0,,0.0,0.0,0.0,0.0,0.0,6.0,6.0,6.0,,6.0,6.0,6.0,6.0,6.0
2022-01-20,stars,004_1month,sml,gpl-2.0,1,1.0,1.0,1.0,1.0,1.0,0.0,224139.0,224139.0,224139.0,224139.0,,224139.0,224139.0,224139.0,224139.0,224139.0,4595.0,4595.0,4595.0,,4595.0,4595.0,4595.0,4595.0,4595.0,3.0,3.0,3.0,,3.0,3.0,3.0,3.0,3.0,1370.0,1370.0,1370.0,1370.0,,1370.0,1370.0,1370.0,1370.0,1370.0,412.0,412.0,412.0,412.0,,412.0,412.0,412.0,412.0,412.0,194.0,194.0,194.0,194.0,,194.0,194.0,194.0,194.0,194.0,9.0,9.0,9.0,,9.0,9.0,9.0,9.0,9.0
2022-01-20,stars,004_1month,sml,mit,3,3.0,3.0,3.0,3.0,2.0,0.0,94.0,5375.0,5954.0,1984.6666666666667,2942.6162395618853,172.2,289.5,485.0,2930.0,4397.0,150.0,3741.0,1524.6666666666667,1937.8138025448507,256.6,416.5,683.0,2212.0,3129.4,8.0,25.0,16.0,8.54400374531753,9.4,11.5,15.0,20.0,23.0,0.0,135.0,193.0,64.33333333333333,67.72247288259145,11.600000000000001,29.0,58.0,96.5,119.60000000000001,1.0,12.0,15.0,5.0,6.082762530298219,1.2,1.5,2.0,7.0,10.0,0.0,0.0,0.0,0.0,0.0,0.0,0.0,0.0,0.0,0.0,0.0,3.0,2.0,1.7320508075688772,0.6000000000000001,1.5,3.0,3.0,3.0
2022-01-20,stars,004_1month,tla,mit,2,2.0,2.0,2.0,1.0,1.0,0.0,160.0,4785.0,4945.0,2472.5,3270.3688629877824,622.5,1316.25,2472.5,3628.75,4322.5,24.0,974.0,499.0,671.7514421272201,119.0,261.5,499.0,736.5,879.0,4.0,22.0,13.0,12.727922061357855,5.8,8.5,13.0,17.5,20.2,0.0,164.0,164.0,82.0,115.96551211459379,16.400000000000002,41.0,82.0,123.0,147.6,0.0,22.0,22.0,11.0,15.556349186104045,2.2,5.5,11.0,16.5,19.8,0.0,9.0,9.0,4.5,6.363961030678928,0.9,2.25,4.5,6.75,8.1,3.0,4.0,3.5,0.7071067811865476,3.1,3.25,3.5,3.75,3.9
2022-01-20,stars,004_1month,tla,other,1,1.0,1.0,1.0,1.0,1.0,0.0,22132.0,22132.0,22132.0,22132.0,,22132.0,22132.0,22132.0,22132.0,22132.0,1822.0,1822.0,1822.0,,1822.0,1822.0,1822.0,1822.0,1822.0,7.0,7.0,7.0,,7.0,7.0,7.0,7.0,7.0,7.0,7.0,7.0,7.0,,7.0,7.0,7.0,7.0,7.0,3.0,3.0,3.0,3.0,,3.0,3.0,3.0,3.0,3.0,3.0,3.0,3.0,3.0,,3.0,3.0,3.0,3.0,3.0,0.0,0.0,0.0,,0.0,0.0,0.0,0.0,0.0
2022-01-20,stars,013_3month,ada,,17,0.0,17.0,17.0,14.0,17.0,1.0,1.0,140090.0,202664.0,11921.411764705883,33499.35523830799,90.20000000000002,171.0,948.0,6327.0,15624.000000000002,6.0,2106.0,492.94117647058823,674.1993835828755,23.0,58.0,96.0,825.0,1422.4000000000003,1.0,71.0,33.88235294117647,24.474176066165068,6.6,10.0,43.0,58.0,62.0,0.0,232.0,239.0,14.058823529411764,56.171022988097796,0.0,0.0,0.0,1.0,2.200000000000001,0.0,43.0,44.0,2.588235294117647,10.416686274491349,0.0,0.0,0.0,0.0,0.40000000000000036,0.0,41.0,44.0,2.588235294117647,9.925087049551578,0.0,0.0,0.0,0.0,1.200000000000001,0.0,3.0,0.23529411764705882,0.7524469885568252,0.0,0.0,0.0,0.0,0.40000000000000036
2022-01-20,stars,013_3month,ada,agpl-3.0,1,1.0,1.0,1.0,0.0,1.0,0.0,24152.0,24152.0,24152.0,24152.0,,24152.0,24152.0,24152.0,24152.0,24152.0,1443.0,1443.0,1443.0,,1443.0,1443.0,1443.0,1443.0,1443.0,1.0,1.0,1.0,,1.0,1.0,1.0,1.0,1.0,73.0,73.0,73.0,73.0,,73.0,73.0,73.0,73.0,73.0,3.0,3.0,3.0,3.0,,3.0,3.0,3.0,3.0,3.0,169.0,169.0,169.0,169.0,,169.0,169.0,169.0,169.0,169.0,7.0,7.0,7.0,,7.0,7.0,7.0,7.0,7.0
2022-01-20,stars,013_3month,ada,apache-2.0,6,6.0,6.0,6.0,5.0,5.0,0.0,16.0,11603.0,14970.0,2495.0,4494.249659286854,136.5,346.75,771.0,1395.5,6577.5,8.0,2560.0,1451.1666666666667,1174.211295579576,109.5,430.75,1684.0,2489.5,2560.0,6.0,32.0,19.0,8.246211251235321,12.0,18.25,19.0,19.75,26.0,1.0,17.0,52.0,8.666666666666666,7.004760286167305,1.5,2.75,8.0,14.75,16.5,0.0,2.0,4.0,0.6666666666666666,0.816496580927726,0.0,0.0,0.5,1.0,1.5,0.0,1.0,3.0,0.5,0.5477225575051661,0.0,0.0,0.5,1.0,1.0,0.0,7.0,4.333333333333333,2.7325202042558927,1.0,2.75,5.5,6.0,6.5
2022-01-20,stars,013_3month,ada,bsd-3-clause,2,2.0,2.0,2.0,1.0,2.0,0.0,321.0,19083.0,19404.0,9702.0,13266.737428622004,2197.2,5011.5,9702.0,14392.5,17206.8,732.0,2305.0,1518.5,1112.2789668064393,889.3,1125.25,1518.5,1911.75,2147.7,51.0,86.0,68.5,24.748737341529164,54.5,59.75,68.5,77.25,82.5,2.0,186.0,188.0,94.0,130.10764773832474,20.400000000000002,48.0,94.0,140.0,167.6,0.0,122.0,122.0,61.0,86.2670273047588,12.200000000000001,30.5,61.0,91.5,109.8,0.0,12.0,12.0,6.0,8.48528137423857,1.2000000000000002,3.0,6.0,9.0,10.8,0.0,0.0,0.0,0.0,0.0,0.0,0.0,0.0,0.0
2022-01-20,stars,013_3month,ada,cc0-1.0,1,1.0,1.0,1.0,1.0,1.0,0.0,62.0,62.0,62.0,62.0,,62.0,62.0,62.0,62.0,62.0,130.0,130.0,130.0,,130.0,130.0,130.0,130.0,130.0,5.0,5.0,5.0,,5.0,5.0,5.0,5.0,5.0,0.0,0.0,0.0,0.0,,0.0,0.0,0.0,0.0,0.0,0.0,0.0,0.0,0.0,,0.0,0.0,0.0,0.0,0.0,0.0,0.0,0.0,0.0,,0.0,0.0,0.0,0.0,0.0,0.0,0.0,0.0,,0.0,0.0,0.0,0.0,0.0
2022-01-20,stars,013_3month,ada,gpl-2.0,2,2.0,2.0,2.0,2.0,2.0,0.0,497.0,8103.0,8600.0,4300.0,5378.25417770488,1257.6,2398.5,4300.0,6201.5,7342.400000000001,81.0,825.0,453.0,526.0874452027914,155.4,267.0,453.0,639.0,750.6,43.0,81.0,62.0,26.870057685088806,46.8,52.5,62.0,71.5,77.2,0.0,10.0,10.0,5.0,7.0710678118654755,1.0,2.5,5.0,7.5,9.0,0.0,0.0,0.0,0.0,0.0,0.0,0.0,0.0,0.0,0.0,0.0,0.0,0.0,0.0,0.0,0.0,0.0,0.0,0.0,0.0,0.0,0.0,0.0,0.0,0.0,0.0,0.0,0.0,0.0
2022-01-20,stars,013_3month,ada,gpl-3.0,13,13.0,12.0,13.0,12.0,13.0,1.0,18.0,63875.0,173384.0,13337.23076923077,20831.567988487433,227.0000000000001,1375.0,4985.0,6218.0,45661.60000000001,3.0,2122.0,1159.0,851.3403158157926,83.2,304.0,1410.0,1829.0,2118.4,1.0,81.0,31.307692307692307,28.82240047655242,1.2000000000000002,3.0,34.0,58.0,61.8,0.0,138.0,340.0,26.153846153846153,48.904407016556554,0.0,1.0,2.0,11.0,111.20000000000006,0.0,40.0,74.0,5.6923076923076925,12.22282438299086,0.0,0.0,0.0,2.0,20.20000000000001,0.0,137.0,175.0,13.461538461538462,37.63778107304633,0.0,0.0,0.0,4.0,18.600000000000005,0.0,11.0,4.076923076923077,3.751922584079138,0.0,0.0,5.0,7.0,7.800000000000001
2022-01-20,stars,013_3month,ada,isc,2,2.0,2.0,2.0,2.0,2.0,0.0,6754.0,169780.0,176534.0,88267.0,115276.7901097181,23056.6,47510.5,88267.0,129023.5,153477.4,6.0,2271.0,1138.5,1601.5968593875302,232.5,572.25,1138.5,1704.75,2044.5,2.0,6.0,4.0,2.8284271247461903,2.4,3.0,4.0,5.0,5.6,0.0,12.0,12.0,6.0,8.48528137423857,1.2000000000000002,3.0,6.0,9.0,10.8,0.0,0.0,0.0,0.0,0.0,0.0,0.0,0.0,0.0,0.0,0.0,0.0,0.0,0.0,0.0,0.0,0.0,0.0,0.0,0.0,0.0,0.0,0.0,0.0,0.0,0.0,0.0,0.0,0.0
2022-01-20,stars,013_3month,ada,lgpl-2.1,1,1.0,1.0,1.0,1.0,1.0,0.0,3406.0,3406.0,3406.0,3406.0,,3406.0,3406.0,3406.0,3406.0,3406.0,2258.0,2258.0,2258.0,,2258.0,2258.0,2258.0,2258.0,2258.0,1.0,1.0,1.0,,1.0,1.0,1.0,1.0,1.0,6.0,6.0,6.0,6.0,,6.0,6.0,6.0,6.0,6.0,4.0,4.0,4.0,4.0,,4.0,4.0,4.0,4.0,4.0,0.0,0.0,0.0,0.0,,0.0,0.0,0.0,0.0,0.0,0.0,0.0,0.0,,0.0,0.0,0.0,0.0,0.0
2022-01-20,stars,013_3month,ada,mit,4,4.0,4.0,4.0,3.0,2.0,1.0,209.0,153084.0,154944.0,38736.0,76233.65806518798,243.2,294.5,825.5,39267.0,107557.20000000003,45.0,1113.0,363.5,506.90728935378314,50.1,57.75,148.0,453.75,849.3000000000002,1.0,64.0,30.75,28.91798748184251,4.6000000000000005,10.0,29.0,49.75,58.300000000000004,0.0,2.0,4.0,1.0,0.816496580927726,0.30000000000000004,0.75,1.0,1.25,1.7000000000000002,0.0,0.0,0.0,0.0,0.0,0.0,0.0,0.0,0.0,0.0,0.0,1.0,1.0,0.25,0.5,0.0,0.0,0.0,0.25,0.7000000000000002,0.0,7.0,2.5,3.3166247903554,0.0,0.0,1.5,4.0,5.800000000000001
2022-01-20,stars,013_3month,ada,other,5,5.0,5.0,5.0,3.0,5.0,2.0,397.0,66289.0,82186.0,16437.2,28035.006227928683,1111.0,2182.0,4799.0,8519.0,43181.0,148.0,2564.0,1024.6,921.4905316930826,330.4,604.0,742.0,1065.0,1964.4,1.0,59.0,18.8,23.188359148503803,3.0,6.0,12.0,16.0,41.800000000000004,0.0,53.0,105.0,21.0,21.563858652847824,0.8,2.0,24.0,26.0,42.2,0.0,9.0,19.0,3.8,3.5637059362410928,0.4,1.0,4.0,5.0,7.4,0.0,4.0,7.0,1.4,1.9493588689617927,0.0,0.0,0.0,3.0,3.6,0.0,7.0,2.4,3.361547262794322,0.0,0.0,0.0,5.0,6.2
2022-01-20,stars,013_3month,agda,,14,0.0,14.0,14.0,14.0,14.0,1.0,4.0,16994.0,34180.0,2441.4285714285716,4652.720456716871,7.2,61.25,227.0,2187.75,6127.200000000003,2.0,1520.0,308.7857142857143,409.6171155099374,26.3,60.25,189.5,305.5,701.4000000000002,1.0,78.0,35.714285714285715,29.116288255171565,1.3,8.5,38.5,57.25,72.10000000000001,0.0,74.0,148.0,10.571428571428571,24.11738691584044,0.0,0.0,1.0,2.5,43.800000000000054,0.0,5.0,12.0,0.8571428571428571,1.8337495365063796,0.0,0.0,0.0,0.0,4.100000000000003,0.0,5.0,7.0,0.5,1.3445044840729643,0.0,0.0,0.0,0.0,1.0,0.0,4.0,0.2857142857142857,1.0690449676496976,0.0,0.0,0.0,0.0,0.0
2022-01-20,stars,013_3month,agda,cc0-1.0,2,2.0,2.0,2.0,2.0,2.0,0.0,37.0,39.0,76.0,38.0,1.4142135623730951,37.2,37.5,38.0,38.5,38.8,14.0,109.0,61.5,67.17514421272202,23.5,37.75,61.5,85.25,99.5,0.0,82.0,41.0,57.982756057296896,8.200000000000001,20.5,41.0,61.5,73.8,0.0,5.0,5.0,2.5,3.5355339059327378,0.5,1.25,2.5,3.75,4.5,0.0,0.0,0.0,0.0,0.0,0.0,0.0,0.0,0.0,0.0,0.0,0.0,0.0,0.0,0.0,0.0,0.0,0.0,0.0,0.0,0.0,0.0,0.0,0.0,0.0,0.0,0.0,0.0,0.0
2022-01-20,stars,013_3month,agda,gpl-3.0,2,2.0,2.0,2.0,2.0,2.0,1.0,8866.0,11071.0,19937.0,9968.5,1559.1704525163373,9086.5,9417.25,9968.5,10519.75,10850.5,1445.0,1756.0,1600.5,219.9102089490163,1476.1,1522.75,1600.5,1678.25,1724.9,2.0,13.0,7.5,7.7781745930520225,3.1,4.75,7.5,10.25,11.9,66.0,87.0,153.0,76.5,14.849242404917497,68.1,71.25,76.5,81.75,84.9,7.0,15.0,22.0,11.0,5.656854249492381,7.8,9.0,11.0,13.0,14.2,2.0,4.0,6.0,3.0,1.4142135623730951,2.2,2.5,3.0,3.5,3.8,4.0,11.0,7.5,4.949747468305833,4.7,5.75,7.5,9.25,10.3
2022-01-20,stars,013_3month,agda,mit,2,2.0,2.0,2.0,2.0,2.0,0.0,146.0,283.0,429.0,214.5,96.87362902255701,159.7,180.25,214.5,248.75,269.3,119.0,185.0,152.0,46.66904755831214,125.6,135.5,152.0,168.5,178.4,15.0,75.0,45.0,42.42640687119285,21.0,30.0,45.0,60.0,69.0,0.0,0.0,0.0,0.0,0.0,0.0,0.0,0.0,0.0,0.0,0.0,0.0,0.0,0.0,0.0,0.0,0.0,0.0,0.0,0.0,0.0,0.0,0.0,0.0,0.0,0.0,0.0,0.0,0.0,0.0,0.0,0.0,0.0,0.0,0.0,0.0,0.0,0.0,0.0
2022-01-20,stars,013_3month,coq,,17,0.0,17.0,17.0,17.0,17.0,1.0,0.0,11511.0,29310.0,1724.1176470588234,3121.5570610344635,66.4,171.0,251.0,850.0,5831.2,3.0,2444.0,739.3529411764706,817.8461760301009,34.800000000000004,94.0,302.0,1134.0,1911.2,1.0,76.0,34.23529411764706,25.33162403934237,1.0,12.0,37.0,50.0,64.8,0.0,43.0,157.0,9.235294117647058,13.390899016518206,0.0,0.0,4.0,12.0,26.20000000000001,0.0,19.0,34.0,2.0,4.58257569495584,0.0,0.0,0.0,2.0,3.4000000000000004,0.0,20.0,42.0,2.4705882352941178,5.185528505596411,0.0,0.0,0.0,2.0,7.200000000000001,0.0,6.0,1.3529411764705883,2.206274474951729,0.0,0.0,0.0,4.0,4.4
2022-01-20,stars,013_3month,coq,apache-2.0,2,2.0,2.0,2.0,2.0,2.0,1.0,180.0,37964.0,38144.0,19072.0,26717.322620352512,3958.4,9626.0,19072.0,28518.0,34185.6,904.0,2308.0,1606.0,992.7779207859127,1044.4,1255.0,1606.0,1957.0,2167.6,37.0,78.0,57.5,28.991378028648448,41.1,47.25,57.5,67.75,73.9,15.0,93.0,108.0,54.0,55.154328932550705,22.8,34.5,54.0,73.5,85.2,4.0,20.0,24.0,12.0,11.313708498984761,5.6,8.0,12.0,16.0,18.4,3.0,37.0,40.0,20.0,24.041630560342615,6.4,11.5,20.0,28.5,33.6,3.0,7.0,5.0,2.8284271247461903,3.4,4.0,5.0,6.0,6.6
2022-01-20,stars,013_3month,coq,bsd-2-clause,1,1.0,1.0,1.0,1.0,1.0,1.0,2251.0,2251.0,2251.0,2251.0,,2251.0,2251.0,2251.0,2251.0,2251.0,3438.0,3438.0,3438.0,,3438.0,3438.0,3438.0,3438.0,3438.0,1.0,1.0,1.0,,1.0,1.0,1.0,1.0,1.0,108.0,108.0,108.0,108.0,,108.0,108.0,108.0,108.0,108.0,39.0,39.0,39.0,39.0,,39.0,39.0,39.0,39.0,39.0,18.0,18.0,18.0,18.0,,18.0,18.0,18.0,18.0,18.0,3.0,3.0,3.0,,3.0,3.0,3.0,3.0,3.0
2022-01-20,stars,013_3month,coq,bsd-3-clause,2,2.0,2.0,2.0,1.0,1.0,1.0,532.0,2755.0,3287.0,1643.5,1571.8983745776952,754.3,1087.75,1643.5,2199.25,2532.7,216.0,2757.0,1486.5,1796.7583309950173,470.1,851.25,1486.5,2121.75,2502.9,7.0,42.0,24.5,24.748737341529164,10.5,15.75,24.5,33.25,38.5,2.0,611.0,613.0,306.5,430.62802974260745,62.900000000000006,154.25,306.5,458.75,550.1,0.0,52.0,52.0,26.0,36.76955262170047,5.2,13.0,26.0,39.0,46.8,0.0,2.0,2.0,1.0,1.4142135623730951,0.2,0.5,1.0,1.5,1.8,4.0,13.0,8.5,6.363961030678928,4.9,6.25,8.5,10.75,12.1
2022-01-20,stars,013_3month,coq,gpl-3.0,4,4.0,4.0,4.0,3.0,3.0,1.0,1090.0,20542.0,45312.0,11328.0,9746.154386902217,2250.4,3991.0,11840.0,19177.0,19996.0,753.0,2094.0,1175.25,621.9444642945756,779.4,819.0,927.0,1283.25,1769.7000000000003,1.0,59.0,26.75,29.23895802977026,1.6,2.5,23.5,47.75,54.5,0.0,52.0,75.0,18.75,24.37724348649781,0.30000000000000004,0.75,11.5,29.5,43.00000000000001,0.0,7.0,13.0,3.25,3.304037933599835,0.30000000000000004,0.75,3.0,5.5,6.4,0.0,4.0,6.0,1.5,1.9148542155126762,0.0,0.0,1.0,2.5,3.4000000000000004,0.0,7.0,3.5,4.041451884327381,0.0,0.0,3.5,7.0,7.0
2022-01-20,stars,013_3month,coq,lgpl-2.1,2,2.0,2.0,2.0,2.0,2.0,0.0,3310.0,4368.0,7678.0,3839.0,748.1189744953673,3415.8,3574.5,3839.0,4103.5,4262.2,1263.0,1492.0,1377.5,161.92745289171938,1285.9,1320.25,1377.5,1434.75,1469.1,2.0,13.0,7.5,7.7781745930520225,3.1,4.75,7.5,10.25,11.9,51.0,55.0,106.0,53.0,2.8284271247461903,51.4,52.0,53.0,54.0,54.6,5.0,6.0,11.0,5.5,0.7071067811865476,5.1,5.25,5.5,5.75,5.9,9.0,13.0,22.0,11.0,2.8284271247461903,9.4,10.0,11.0,12.0,12.6,7.0,8.0,7.5,0.7071067811865476,7.1,7.25,7.5,7.75,7.9
2022-01-20,stars,013_3month,coq,mit,17,17.0,17.0,17.0,16.0,16.0,5.0,69.0,137980.0,204939.0,12055.235294117647,33586.80696257351,191.20000000000002,373.0,909.0,4392.0,19053.60000000001,4.0,2423.0,1212.6470588235295,664.4544699579188,457.6,713.0,1234.0,1465.0,2164.0,1.0,90.0,29.11764705882353,27.23711244088931,1.0,8.0,24.0,43.0,65.60000000000001,0.0,159.0,625.0,36.76470588235294,50.324608060774686,1.0,3.0,21.0,34.0,120.20000000000002,0.0,40.0,135.0,7.9411764705882355,12.193597645051756,0.0,0.0,3.0,8.0,26.200000000000003,0.0,42.0,82.0,4.823529411764706,10.754274116122664,0.0,0.0,1.0,4.0,11.600000000000005,0.0,9.0,3.9411764705882355,2.925546706072519,0.0,2.0,4.0,6.0,8.0
2022-01-20,stars,013_3month,coq,other,8,8.0,8.0,8.0,8.0,8.0,2.0,83.0,48076.0,62711.0,7838.875,16339.089801869975,596.8000000000001,1035.25,1869.0,4192.25,17887.09999999999,465.0,2568.0,1124.625,763.9308004375416,489.5,507.5,820.0,1581.0,2036.6999999999998,1.0,79.0,30.25,28.63439490243458,5.2,9.25,22.5,42.0,69.89999999999999,2.0,107.0,242.0,30.25,37.350654995212984,2.7,8.25,14.0,35.5,79.0,0.0,31.0,78.0,9.75,10.938137736509683,0.0,1.5,7.0,14.75,21.199999999999996,0.0,31.0,42.0,5.25,10.606601717798213,0.0,0.0,1.0,3.75,13.499999999999996,0.0,5.0,1.75,2.052872551885702,0.0,0.0,1.0,3.25,4.3
2022-01-20,stars,013_3month,idris,,8,0.0,8.0,8.0,8.0,8.0,0.0,8.0,140.0,456.0,57.0,44.310592090701874,13.600000000000001,22.0,51.0,77.5,107.8,19.0,2197.0,445.5,719.4607107311102,58.900000000000006,85.75,227.0,362.75,916.6999999999997,15.0,88.0,50.375,25.427417710584994,22.7,32.0,49.5,65.75,82.4,0.0,5.0,10.0,1.25,2.052872551885702,0.0,0.0,0.0,1.75,4.3,0.0,1.0,1.0,0.125,0.3535533905932738,0.0,0.0,0.0,0.0,0.2999999999999998,0.0,0.0,0.0,0.0,0.0,0.0,0.0,0.0,0.0,0.0,0.0,0.0,0.0,0.0,0.0,0.0,0.0,0.0,0.0
2022-01-20,stars,013_3month,idris,apache-2.0,2,2.0,2.0,2.0,1.0,1.0,1.0,19.0,520.0,539.0,269.5,354.26049737446033,69.1,144.25,269.5,394.75,469.90000000000003,97.0,690.0,393.5,419.31432124362266,156.3,245.25,393.5,541.75,630.7,0.0,76.0,38.0,53.74011537017761,7.6000000000000005,19.0,38.0,57.0,68.4,1.0,17.0,18.0,9.0,11.313708498984761,2.6,5.0,9.0,13.0,15.4,0.0,0.0,0.0,0.0,0.0,0.0,0.0,0.0,0.0,0.0,0.0,30.0,30.0,15.0,21.213203435596427,3.0,7.5,15.0,22.5,27.0,0.0,0.0,0.0,0.0,0.0,0.0,0.0,0.0,0.0
2022-01-20,stars,013_3month,idris,bsd-2-clause,1,1.0,1.0,1.0,1.0,1.0,0.0,463.0,463.0,463.0,463.0,,463.0,463.0,463.0,463.0,463.0,452.0,452.0,452.0,,452.0,452.0,452.0,452.0,452.0,8.0,8.0,8.0,,8.0,8.0,8.0,8.0,8.0,61.0,61.0,61.0,61.0,,61.0,61.0,61.0,61.0,61.0,7.0,7.0,7.0,7.0,,7.0,7.0,7.0,7.0,7.0,0.0,0.0,0.0,0.0,,0.0,0.0,0.0,0.0,0.0,0.0,0.0,0.0,,0.0,0.0,0.0,0.0,0.0
2022-01-20,stars,013_3month,idris,gpl-2.0,1,1.0,1.0,1.0,1.0,1.0,0.0,5529.0,5529.0,5529.0,5529.0,,5529.0,5529.0,5529.0,5529.0,5529.0,252.0,252.0,252.0,,252.0,252.0,252.0,252.0,252.0,3.0,3.0,3.0,,3.0,3.0,3.0,3.0,3.0,0.0,0.0,0.0,0.0,,0.0,0.0,0.0,0.0,0.0,0.0,0.0,0.0,0.0,,0.0,0.0,0.0,0.0,0.0,0.0,0.0,0.0,0.0,,0.0,0.0,0.0,0.0,0.0,0.0,0.0,0.0,,0.0,0.0,0.0,0.0,0.0
2022-01-20,stars,013_3month,idris,mit,3,3.0,3.0,3.0,3.0,3.0,0.0,6.0,12.0,27.0,9.0,3.0,6.6,7.5,9.0,10.5,11.4,12.0,52.0,34.666666666666664,20.526405757787536,17.6,26.0,40.0,46.0,49.6,9.0,46.0,31.666666666666668,19.857828011475306,15.2,24.5,40.0,43.0,44.8,0.0,0.0,0.0,0.0,0.0,0.0,0.0,0.0,0.0,0.0,0.0,0.0,0.0,0.0,0.0,0.0,0.0,0.0,0.0,0.0,0.0,1.0,1.0,0.3333333333333333,0.5773502691896258,0.0,0.0,0.0,0.5,0.8,0.0,0.0,0.0,0.0,0.0,0.0,0.0,0.0,0.0
2022-01-20,stars,013_3month,isabelle,,7,0.0,7.0,7.0,6.0,6.0,1.0,2.0,202530.0,215077.0,30725.285714285714,75809.43329980837,3.8000000000000003,5.5,623.0,5955.5,85009.20000000007,37.0,2729.0,690.5714285714286,957.4001004705151,42.4,59.0,399.0,775.5,1616.6000000000008,2.0,72.0,36.142857142857146,20.907961573115088,18.200000000000003,31.0,33.0,42.0,56.400000000000006,0.0,8.0,15.0,2.142857142857143,3.132015933791495,0.0,0.0,1.0,3.0,6.200000000000001,0.0,5.0,7.0,1.0,1.8257418583505538,0.0,0.0,0.0,1.0,2.6000000000000014,0.0,3.0,4.0,0.5714285714285714,1.1338934190276817,0.0,0.0,0.0,0.5,1.8000000000000007,0.0,0.0,0.0,0.0,0.0,0.0,0.0,0.0,0.0
2022-01-20,stars,013_3month,isabelle,apache-2.0,1,1.0,1.0,1.0,1.0,1.0,0.0,3661.0,3661.0,3661.0,3661.0,,3661.0,3661.0,3661.0,3661.0,3661.0,23.0,23.0,23.0,,23.0,23.0,23.0,23.0,23.0,11.0,11.0,11.0,,11.0,11.0,11.0,11.0,11.0,1.0,1.0,1.0,1.0,,1.0,1.0,1.0,1.0,1.0,0.0,0.0,0.0,0.0,,0.0,0.0,0.0,0.0,0.0,0.0,0.0,0.0,0.0,,0.0,0.0,0.0,0.0,0.0,0.0,0.0,0.0,,0.0,0.0,0.0,0.0,0.0
2022-01-20,stars,013_3month,isabelle,bsd-3-clause,1,1.0,1.0,1.0,1.0,1.0,0.0,1413.0,1413.0,1413.0,1413.0,,1413.0,1413.0,1413.0,1413.0,1413.0,383.0,383.0,383.0,,383.0,383.0,383.0,383.0,383.0,73.0,73.0,73.0,,73.0,73.0,73.0,73.0,73.0,2.0,2.0,2.0,2.0,,2.0,2.0,2.0,2.0,2.0,0.0,0.0,0.0,0.0,,0.0,0.0,0.0,0.0,0.0,0.0,0.0,0.0,0.0,,0.0,0.0,0.0,0.0,0.0,0.0,0.0,0.0,,0.0,0.0,0.0,0.0,0.0
2022-01-20,stars,013_3month,isabelle,other,3,3.0,3.0,3.0,2.0,2.0,1.0,127.0,161056.0,227561.0,75853.66666666667,80881.87036866379,13377.2,33252.5,66378.0,113717.0,142120.4,142.0,2744.0,1830.0,1463.5258795115308,634.4000000000001,1373.0,2604.0,2674.0,2716.0,0.0,77.0,36.0,38.742741255621034,6.2,15.5,31.0,54.0,67.8,0.0,382.0,408.0,136.0,213.43851573696816,5.2,13.0,26.0,204.0,310.8,0.0,81.0,87.0,29.0,45.13313638558703,1.2000000000000002,3.0,6.0,43.5,66.0,0.0,11.0,14.0,4.666666666666667,5.686240703077327,0.6000000000000001,1.5,3.0,7.0,9.4,3.0,5.0,4.333333333333333,1.1547005383792515,3.4,4.0,5.0,5.0,5.0
2022-01-20,stars,013_3month,lean,,10,0.0,10.0,10.0,9.0,9.0,2.0,6.0,323749.0,326566.0,32656.6,102280.90440459657,6.9,19.75,61.0,433.0,33984.99999999988,36.0,1752.0,295.7,527.1845660360958,36.9,45.75,77.0,243.5,559.4999999999995,0.0,83.0,25.9,25.64479587665996,0.9,3.25,30.0,34.0,44.29999999999998,0.0,19.0,35.0,3.5,6.2048368229954285,0.0,0.0,0.5,4.0,9.999999999999996,0.0,2.0,4.0,0.4,0.6992058987801011,0.0,0.0,0.0,0.75,1.0999999999999996,0.0,0.0,0.0,0.0,0.0,0.0,0.0,0.0,0.0,0.0,0.0,3.0,0.3,0.9486832980505138,0.0,0.0,0.0,0.0,0.29999999999999893
2022-01-20,stars,013_3month,lean,apache-2.0,3,3.0,3.0,3.0,3.0,3.0,1.0,185.0,584183.0,585582.0,195194.0,336874.7486841363,390.8,699.5,1214.0,292698.5,467589.2,16.0,1376.0,542.6666666666666,730.0228306932142,60.0,126.0,236.0,806.0,1148.0,0.0,16.0,5.666666666666667,8.962886439832502,0.2,0.5,1.0,8.5,13.0,1.0,1324.0,1358.0,452.6666666666667,754.7664097807568,7.4,17.0,33.0,678.5,1065.8000000000002,0.0,119.0,125.0,41.666666666666664,67.03978918025723,1.2000000000000002,3.0,6.0,62.5,96.4,0.0,101.0,110.0,36.666666666666664,55.89573627150226,1.8,4.5,9.0,55.0,82.60000000000001,1.0,4.0,2.3333333333333335,1.5275252316519465,1.2,1.5,2.0,3.0,3.6
2022-01-20,stars,013_3month,lean,mit,2,2.0,2.0,2.0,2.0,2.0,0.0,74.0,85.0,159.0,79.5,7.7781745930520225,75.1,76.75,79.5,82.25,83.9,332.0,1963.0,1147.5,1153.2911601152591,495.1,739.75,1147.5,1555.25,1799.9,14.0,67.0,40.5,37.476659402887016,19.3,27.25,40.5,53.75,61.7,7.0,22.0,29.0,14.5,10.606601717798213,8.5,10.75,14.5,18.25,20.5,0.0,1.0,1.0,0.5,0.7071067811865476,0.1,0.25,0.5,0.75,0.9,0.0,2.0,2.0,1.0,1.4142135623730951,0.2,0.5,1.0,1.5,1.8,0.0,3.0,1.5,2.1213203435596424,0.30000000000000004,0.75,1.5,2.25,2.7
2022-01-20,stars,013_3month,sml,,20,0.0,20.0,20.0,19.0,19.0,1.0,1.0,568456.0,1403488.0,70174.4,158784.9387194748,9.200000000000001,26.0,300.0,29162.75,230488.00000000035,21.0,2801.0,598.15,863.2854790977619,37.9,68.25,136.5,753.0,1942.1000000000006,0.0,90.0,37.75,25.688160287326312,2.8000000000000003,20.75,39.0,52.25,71.2,0.0,211.0,336.0,16.8,48.90549425597346,0.0,0.0,0.0,1.25,57.0,0.0,53.0,82.0,4.1,12.514833304186633,0.0,0.0,0.0,0.25,4.900000000000027,0.0,28.0,49.0,2.45,6.824684299619559,0.0,0.0,0.0,0.0,10.100000000000001,0.0,6.0,1.0,1.9194297398747862,0.0,0.0,0.0,0.5,4.100000000000001
2022-01-20,stars,013_3month,sml,bsd-3-clause,1,1.0,1.0,1.0,0.0,0.0,0.0,629.0,629.0,629.0,629.0,,629.0,629.0,629.0,629.0,629.0,1870.0,1870.0,1870.0,,1870.0,1870.0,1870.0,1870.0,1870.0,10.0,10.0,10.0,,10.0,10.0,10.0,10.0,10.0,12.0,12.0,12.0,12.0,,12.0,12.0,12.0,12.0,12.0,3.0,3.0,3.0,3.0,,3.0,3.0,3.0,3.0,3.0,0.0,0.0,0.0,0.0,,0.0,0.0,0.0,0.0,0.0,6.0,6.0,6.0,,6.0,6.0,6.0,6.0,6.0
2022-01-20,stars,013_3month,sml,gpl-2.0,2,2.0,2.0,2.0,1.0,1.0,0.0,87068.0,224139.0,311207.0,155603.5,96923.83360402126,100775.1,121335.75,155603.5,189871.25,210431.9,106.0,4595.0,2350.5,3174.2023407464117,554.9000000000001,1228.25,2350.5,3472.75,4146.1,3.0,73.0,38.0,49.49747468305833,10.0,20.5,38.0,55.5,66.0,0.0,1370.0,1370.0,685.0,968.7362902255701,137.0,342.5,685.0,1027.5,1233.0,0.0,412.0,412.0,206.0,291.3279938488576,41.2,103.0,206.0,309.0,370.8,0.0,194.0,194.0,97.0,137.17871555019022,19.400000000000002,48.5,97.0,145.5,174.6,0.0,9.0,4.5,6.363961030678928,0.9,2.25,4.5,6.75,8.1
2022-01-20,stars,013_3month,sml,gpl-3.0,3,3.0,3.0,3.0,3.0,3.0,0.0,19.0,4833.0,5866.0,1955.3333333333333,2541.3048485636928,218.0,516.5,1014.0,2923.5,4069.2000000000003,255.0,1495.0,1019.6666666666666,668.7191737443554,465.8,782.0,1309.0,1402.0,1457.8,35.0,70.0,57.666666666666664,19.65536398374076,41.6,51.5,68.0,69.0,69.6,0.0,8.0,8.0,2.6666666666666665,4.618802153517007,0.0,0.0,0.0,4.0,6.4,0.0,1.0,1.0,0.3333333333333333,0.5773502691896258,0.0,0.0,0.0,0.5,0.8,0.0,829.0,834.0,278.0,477.1865463317255,1.0,2.5,5.0,417.0,664.2,0.0,0.0,0.0,0.0,0.0,0.0,0.0,0.0,0.0
2022-01-20,stars,013_3month,sml,mit,4,4.0,4.0,4.0,3.0,2.0,0.0,94.0,5375.0,10715.0,2678.75,2774.8273670026156,211.3,387.25,2623.0,4914.5,5190.8,28.0,3741.0,1150.5,1750.2621708380339,64.60000000000001,119.5,416.5,1447.5,2823.6000000000004,8.0,28.0,19.0,9.201449161228174,10.100000000000001,13.25,20.0,25.75,27.1,0.0,135.0,193.0,48.25,63.97069641640616,0.0,0.0,29.0,77.25,111.9,0.0,12.0,15.0,3.75,5.560275772537425,0.30000000000000004,0.75,1.5,4.5,9.000000000000002,0.0,0.0,0.0,0.0,0.0,0.0,0.0,0.0,0.0,0.0,0.0,3.0,1.5,1.7320508075688772,0.0,0.0,1.5,3.0,3.0
2022-01-20,stars,013_3month,sml,other,3,3.0,3.0,3.0,3.0,3.0,0.0,124.0,70172.0,71726.0,23908.666666666668,40070.543012708644,385.2,777.0,1430.0,35801.0,56423.600000000006,401.0,2290.0,1402.3333333333333,949.6158872582816,624.0,958.5,1516.0,1903.0,2135.2,16.0,38.0,29.333333333333332,11.718930554164631,19.6,25.0,34.0,36.0,37.2,0.0,100.0,100.0,33.333333333333336,57.735026918962575,0.0,0.0,0.0,50.0,80.0,0.0,4.0,5.0,1.6666666666666667,2.0816659994661326,0.2,0.5,1.0,2.5,3.4000000000000004,0.0,3.0,3.0,1.0,1.7320508075688772,0.0,0.0,0.0,1.5,2.4000000000000004,0.0,5.0,1.6666666666666667,2.8867513459481287,0.0,0.0,0.0,2.5,4.0
2022-01-20,stars,013_3month,tla,,2,0.0,2.0,2.0,2.0,2.0,0.0,31.0,4169.0,4200.0,2100.0,2926.007860549934,444.8,1065.5,2100.0,3134.5,3755.2000000000003,73.0,166.0,119.5,65.76093065034893,82.3,96.25,119.5,142.75,156.7,55.0,80.0,67.5,17.67766952966369,57.5,61.25,67.5,73.75,77.5,0.0,0.0,0.0,0.0,0.0,0.0,0.0,0.0,0.0,0.0,0.0,2.0,2.0,1.0,1.4142135623730951,0.2,0.5,1.0,1.5,1.8,0.0,0.0,0.0,0.0,0.0,0.0,0.0,0.0,0.0,0.0,0.0,5.0,2.5,3.5355339059327378,0.5,1.25,2.5,3.75,4.5
2022-01-20,stars,013_3month,tla,mit,4,4.0,4.0,4.0,3.0,3.0,0.0,160.0,5526.0,13806.0,3451.5,2375.522188207609,1112.5,2541.25,4060.0,4970.25,5303.7,24.0,974.0,439.75,393.8598524009947,129.0,286.5,380.5,533.75,797.9000000000001,4.0,39.0,25.5,16.217274740226856,9.4,17.5,29.5,37.5,38.4,0.0,164.0,186.0,46.5,78.61085590849821,1.8000000000000003,4.5,11.0,53.0,119.60000000000002,0.0,22.0,24.0,6.0,10.708252269472673,0.0,0.0,1.0,7.0,16.000000000000004,0.0,9.0,9.0,2.25,4.5,0.0,0.0,0.0,2.25,6.300000000000002,0.0,6.0,3.25,2.5,0.9000000000000001,2.25,3.5,4.5,5.4
2022-01-20,stars,013_3month,tla,other,1,1.0,1.0,1.0,1.0,1.0,0.0,22132.0,22132.0,22132.0,22132.0,,22132.0,22132.0,22132.0,22132.0,22132.0,1822.0,1822.0,1822.0,,1822.0,1822.0,1822.0,1822.0,1822.0,7.0,7.0,7.0,,7.0,7.0,7.0,7.0,7.0,7.0,7.0,7.0,7.0,,7.0,7.0,7.0,7.0,7.0,3.0,3.0,3.0,3.0,,3.0,3.0,3.0,3.0,3.0,3.0,3.0,3.0,3.0,,3.0,3.0,3.0,3.0,3.0,0.0,0.0,0.0,,0.0,0.0,0.0,0.0,0.0
2022-01-20,stars,026_6month,ada,,27,0.0,27.0,27.0,22.0,27.0,1.0,1.0,140090.0,278035.0,10297.592592592593,28005.87961792647,42.0,155.5,953.0,6415.0,15624.000000000013,6.0,2106.0,521.074074074074,610.5128314613194,47.2,73.0,173.0,841.5,1365.0,1.0,175.0,67.4074074074074,55.38693212944955,7.6,16.0,58.0,113.0,149.8,0.0,232.0,270.0,10.0,44.47730622722973,0.0,0.0,0.0,1.0,6.400000000000013,0.0,43.0,47.0,1.7407407407407407,8.258294630214534,0.0,0.0,0.0,0.0,1.0,0.0,41.0,46.0,1.7037037037037037,7.877986929582839,0.0,0.0,0.0,0.0,1.0,0.0,12.0,0.9629629629629629,2.6815822178115645,0.0,0.0,0.0,0.0,3.0
2022-01-20,stars,026_6month,ada,agpl-3.0,1,1.0,1.0,1.0,0.0,1.0,0.0,24152.0,24152.0,24152.0,24152.0,,24152.0,24152.0,24152.0,24152.0,24152.0,1443.0,1443.0,1443.0,,1443.0,1443.0,1443.0,1443.0,1443.0,1.0,1.0,1.0,,1.0,1.0,1.0,1.0,1.0,73.0,73.0,73.0,73.0,,73.0,73.0,73.0,73.0,73.0,3.0,3.0,3.0,3.0,,3.0,3.0,3.0,3.0,3.0,169.0,169.0,169.0,169.0,,169.0,169.0,169.0,169.0,169.0,7.0,7.0,7.0,,7.0,7.0,7.0,7.0,7.0
2022-01-20,stars,026_6month,ada,apache-2.0,7,7.0,7.0,7.0,5.0,5.0,0.0,16.0,11603.0,15122.0,2160.285714285714,4197.158035079043,97.60000000000001,204.5,616.0,1239.0,5572.400000000003,8.0,2560.0,1283.2857142857142,1160.286561484664,129.8,243.5,1090.0,2419.0,2560.0,6.0,165.0,39.857142857142854,55.693891261156494,13.200000000000001,18.5,19.0,26.0,85.20000000000005,1.0,17.0,54.0,7.714285714285714,6.8729975438737965,1.6,2.0,5.0,13.5,16.4,0.0,2.0,4.0,0.5714285714285714,0.7867957924694431,0.0,0.0,0.0,1.0,1.4000000000000004,0.0,1.0,3.0,0.42857142857142855,0.5345224838248488,0.0,0.0,0.0,1.0,1.0,0.0,7.0,4.285714285714286,2.497617912751115,1.2000000000000002,3.0,5.0,6.0,6.4
2022-01-20,stars,026_6month,ada,bsd-3-clause,5,5.0,5.0,5.0,4.0,5.0,0.0,36.0,19083.0,22025.0,4405.0,8270.128747486342,49.2,69.0,321.0,2516.0,12456.2,124.0,2305.0,871.4,890.7119624210736,136.8,156.0,732.0,1040.0,1799.0,51.0,175.0,104.4,46.279585132107655,65.0,86.0,91.0,119.0,152.6,0.0,186.0,260.0,52.0,80.81150908131836,0.4,1.0,2.0,71.0,140.0,0.0,122.0,137.0,27.4,53.280390388960186,0.0,0.0,0.0,15.0,79.20000000000002,0.0,12.0,14.0,2.8,5.215361924162119,0.0,0.0,0.0,2.0,8.0,0.0,0.0,0.0,0.0,0.0,0.0,0.0,0.0,0.0
2022-01-20,stars,026_6month,ada,cc0-1.0,1,1.0,1.0,1.0,1.0,1.0,0.0,62.0,62.0,62.0,62.0,,62.0,62.0,62.0,62.0,62.0,130.0,130.0,130.0,,130.0,130.0,130.0,130.0,130.0,5.0,5.0,5.0,,5.0,5.0,5.0,5.0,5.0,0.0,0.0,0.0,0.0,,0.0,0.0,0.0,0.0,0.0,0.0,0.0,0.0,0.0,,0.0,0.0,0.0,0.0,0.0,0.0,0.0,0.0,0.0,,0.0,0.0,0.0,0.0,0.0,0.0,0.0,0.0,,0.0,0.0,0.0,0.0,0.0
2022-01-20,stars,026_6month,ada,gpl-2.0,3,3.0,3.0,3.0,3.0,3.0,0.0,43.0,8103.0,8643.0,2881.0,4528.078179537098,133.8,270.0,497.0,4300.0,6581.8,81.0,1724.0,876.6666666666666,822.7176510403391,229.8,453.0,825.0,1274.5,1544.2,6.0,81.0,43.333333333333336,37.50111109465069,13.4,24.5,43.0,62.0,73.4,0.0,10.0,10.0,3.3333333333333335,5.773502691896257,0.0,0.0,0.0,5.0,8.0,0.0,0.0,0.0,0.0,0.0,0.0,0.0,0.0,0.0,0.0,0.0,0.0,0.0,0.0,0.0,0.0,0.0,0.0,0.0,0.0,0.0,0.0,0.0,0.0,0.0,0.0,0.0,0.0,0.0
2022-01-20,stars,026_6month,ada,gpl-3.0,15,15.0,14.0,15.0,14.0,15.0,1.0,18.0,63875.0,174170.0,11611.333333333334,19817.215912529427,67.2,754.5,4728.0,5871.0,41217.19999999999,3.0,2122.0,1137.3333333333333,826.729673098137,83.4,329.0,1410.0,1773.0,2114.8,1.0,110.0,40.8,36.70967175009878,1.4000000000000001,3.0,44.0,61.5,89.39999999999999,0.0,138.0,340.0,22.666666666666668,46.20245303732982,0.0,0.0,1.0,9.5,94.39999999999998,0.0,40.0,74.0,4.933333333333334,11.492026221109429,0.0,0.0,0.0,1.0,17.399999999999995,0.0,137.0,175.0,11.666666666666666,35.166271719741154,0.0,0.0,0.0,2.5,17.199999999999996,0.0,11.0,3.8,3.629246281451366,0.0,0.0,4.0,6.5,7.6
2022-01-20,stars,026_6month,ada,isc,4,4.0,4.0,4.0,2.0,4.0,1.0,917.0,169780.0,178855.0,44713.75,83419.42072992756,1063.1,1282.25,4079.0,47510.5,120872.20000000003,6.0,2468.0,1743.75,1163.1487078902107,673.2,1674.0,2250.5,2320.25,2408.9,2.0,147.0,63.0,71.13836283375284,3.2,5.0,51.5,109.5,132.0,0.0,230.0,271.0,67.75,108.81903938802867,3.6000000000000005,9.0,20.5,79.25,169.70000000000005,0.0,13.0,15.0,3.75,6.238322424070967,0.0,0.0,1.0,4.75,9.700000000000003,0.0,27.0,29.0,7.25,13.200378782444085,0.0,0.0,1.0,8.25,19.500000000000004,0.0,0.0,0.0,0.0,0.0,0.0,0.0,0.0,0.0
2022-01-20,stars,026_6month,ada,lgpl-2.1,1,1.0,1.0,1.0,1.0,1.0,0.0,3406.0,3406.0,3406.0,3406.0,,3406.0,3406.0,3406.0,3406.0,3406.0,2258.0,2258.0,2258.0,,2258.0,2258.0,2258.0,2258.0,2258.0,1.0,1.0,1.0,,1.0,1.0,1.0,1.0,1.0,6.0,6.0,6.0,6.0,,6.0,6.0,6.0,6.0,6.0,4.0,4.0,4.0,4.0,,4.0,4.0,4.0,4.0,4.0,0.0,0.0,0.0,0.0,,0.0,0.0,0.0,0.0,0.0,0.0,0.0,0.0,,0.0,0.0,0.0,0.0,0.0
2022-01-20,stars,026_6month,ada,mit,6,6.0,6.0,6.0,5.0,4.0,1.0,209.0,153084.0,158763.0,26460.5,62046.21178041412,215.5,247.25,825.5,3029.75,78340.5,45.0,1113.0,391.6666666666667,433.9809519629481,53.5,87.5,199.0,607.5,922.5,1.0,163.0,74.66666666666667,71.62867209900422,7.0,21.0,54.5,137.5,162.5,0.0,10.0,14.0,2.3333333333333335,3.8297084310253524,0.0,0.25,1.0,1.75,6.0,0.0,1.0,1.0,0.16666666666666666,0.408248290463863,0.0,0.0,0.0,0.0,0.5,0.0,1.0,1.0,0.16666666666666666,0.408248290463863,0.0,0.0,0.0,0.0,0.5,0.0,7.0,1.6666666666666667,2.8751811537130436,0.0,0.0,0.0,2.25,5.0
2022-01-20,stars,026_6month,ada,other,5,5.0,5.0,5.0,3.0,5.0,2.0,397.0,66289.0,82186.0,16437.2,28035.006227928683,1111.0,2182.0,4799.0,8519.0,43181.0,148.0,2564.0,1024.6,921.4905316930826,330.4,604.0,742.0,1065.0,1964.4,1.0,59.0,18.8,23.188359148503803,3.0,6.0,12.0,16.0,41.800000000000004,0.0,53.0,105.0,21.0,21.563858652847824,0.8,2.0,24.0,26.0,42.2,0.0,9.0,19.0,3.8,3.5637059362410928,0.4,1.0,4.0,5.0,7.4,0.0,4.0,7.0,1.4,1.9493588689617927,0.0,0.0,0.0,3.0,3.6,0.0,7.0,2.4,3.361547262794322,0.0,0.0,0.0,5.0,6.2
2022-01-20,stars,026_6month,agda,,21,0.0,21.0,21.0,21.0,21.0,1.0,4.0,20433.0,56000.0,2666.6666666666665,5628.515002496959,10.0,41.0,234.0,1617.0,6927.0,2.0,2514.0,459.14285714285717,693.8859622239295,41.0,111.0,188.0,328.0,1520.0,1.0,178.0,69.9047619047619,57.30698453234541,2.0,15.0,58.0,111.0,147.0,0.0,74.0,191.0,9.095238095238095,20.748264413932944,0.0,0.0,1.0,3.0,34.0,0.0,5.0,15.0,0.7142857142857143,1.5537971921347118,0.0,0.0,0.0,0.0,2.0,0.0,5.0,9.0,0.42857142857142855,1.164964745021435,0.0,0.0,0.0,0.0,1.0,0.0,4.0,0.38095238095238093,1.2031704150364766,0.0,0.0,0.0,0.0,0.0
2022-01-20,stars,026_6month,agda,0bsd,1,1.0,1.0,1.0,1.0,1.0,0.0,9.0,9.0,9.0,9.0,,9.0,9.0,9.0,9.0,9.0,93.0,93.0,93.0,,93.0,93.0,93.0,93.0,93.0,92.0,92.0,92.0,,92.0,92.0,92.0,92.0,92.0,0.0,0.0,0.0,0.0,,0.0,0.0,0.0,0.0,0.0,0.0,0.0,0.0,0.0,,0.0,0.0,0.0,0.0,0.0,0.0,0.0,0.0,0.0,,0.0,0.0,0.0,0.0,0.0,0.0,0.0,0.0,,0.0,0.0,0.0,0.0,0.0
2022-01-20,stars,026_6month,agda,apache-2.0,1,1.0,1.0,1.0,1.0,1.0,0.0,469.0,469.0,469.0,469.0,,469.0,469.0,469.0,469.0,469.0,1025.0,1025.0,1025.0,,1025.0,1025.0,1025.0,1025.0,1025.0,131.0,131.0,131.0,,131.0,131.0,131.0,131.0,131.0,1.0,1.0,1.0,1.0,,1.0,1.0,1.0,1.0,1.0,0.0,0.0,0.0,0.0,,0.0,0.0,0.0,0.0,0.0,0.0,0.0,0.0,0.0,,0.0,0.0,0.0,0.0,0.0,0.0,0.0,0.0,,0.0,0.0,0.0,0.0,0.0
2022-01-20,stars,026_6month,agda,cc0-1.0,2,2.0,2.0,2.0,2.0,2.0,0.0,37.0,39.0,76.0,38.0,1.4142135623730951,37.2,37.5,38.0,38.5,38.8,14.0,109.0,61.5,67.17514421272202,23.5,37.75,61.5,85.25,99.5,0.0,82.0,41.0,57.982756057296896,8.200000000000001,20.5,41.0,61.5,73.8,0.0,5.0,5.0,2.5,3.5355339059327378,0.5,1.25,2.5,3.75,4.5,0.0,0.0,0.0,0.0,0.0,0.0,0.0,0.0,0.0,0.0,0.0,0.0,0.0,0.0,0.0,0.0,0.0,0.0,0.0,0.0,0.0,0.0,0.0,0.0,0.0,0.0,0.0,0.0,0.0
2022-01-20,stars,026_6month,agda,gpl-3.0,2,2.0,2.0,2.0,2.0,2.0,1.0,8866.0,11071.0,19937.0,9968.5,1559.1704525163373,9086.5,9417.25,9968.5,10519.75,10850.5,1445.0,1756.0,1600.5,219.9102089490163,1476.1,1522.75,1600.5,1678.25,1724.9,2.0,13.0,7.5,7.7781745930520225,3.1,4.75,7.5,10.25,11.9,66.0,87.0,153.0,76.5,14.849242404917497,68.1,71.25,76.5,81.75,84.9,7.0,15.0,22.0,11.0,5.656854249492381,7.8,9.0,11.0,13.0,14.2,2.0,4.0,6.0,3.0,1.4142135623730951,2.2,2.5,3.0,3.5,3.8,4.0,11.0,7.5,4.949747468305833,4.7,5.75,7.5,9.25,10.3
2022-01-20,stars,026_6month,agda,mit,4,4.0,4.0,4.0,4.0,4.0,0.0,8.0,12645.0,13082.0,3270.5,6250.674976885829,49.400000000000006,111.5,214.5,3373.5,8936.400000000001,119.0,1200.0,412.25,525.8677748889608,126.8,138.5,165.0,438.75,895.5000000000002,15.0,179.0,103.5,73.18242047559418,33.0,60.0,110.0,153.5,168.8,0.0,128.0,128.0,32.0,64.0,0.0,0.0,0.0,32.0,89.60000000000002,0.0,4.0,4.0,1.0,2.0,0.0,0.0,0.0,1.0,2.8000000000000007,0.0,0.0,0.0,0.0,0.0,0.0,0.0,0.0,0.0,0.0,0.0,2.0,0.5,1.0,0.0,0.0,0.0,0.5,1.4000000000000004
2022-01-20,stars,026_6month,coq,,26,0.0,26.0,26.0,26.0,26.0,3.0,0.0,29982.0,60805.0,2338.653846153846,6210.693107486846,13.5,47.25,203.5,848.25,5842.0,3.0,2444.0,630.8461538461538,730.4684355840543,50.0,132.0,282.5,1012.5,1828.0,1.0,161.0,67.73076923076923,52.67679389811624,1.5,29.25,54.0,113.0,146.0,0.0,43.0,180.0,6.923076923076923,11.730040330444146,0.0,0.0,1.0,8.5,18.0,0.0,19.0,39.0,1.5,3.8496753109840305,0.0,0.0,0.0,1.75,3.5,0.0,20.0,42.0,1.6153846153846154,4.318119248718572,0.0,0.0,0.0,0.0,4.5,0.0,7.0,1.4230769230769231,2.3861781479692907,0.0,0.0,0.0,3.25,5.5
2022-01-20,stars,026_6month,coq,apache-2.0,4,4.0,4.0,4.0,3.0,3.0,1.0,180.0,37964.0,65311.0,16327.75,19009.650222540484,288.6,451.5,13583.5,29459.75,34562.3,819.0,2308.0,1520.0,768.4707758485897,844.5,882.75,1476.5,2113.75,2230.3,19.0,108.0,60.5,40.15387071420803,24.4,32.5,57.5,85.5,99.0,15.0,93.0,179.0,44.75,34.87477598494362,17.7,21.75,35.5,58.5,79.2,2.0,20.0,35.0,8.75,8.05708797684788,2.6,3.5,6.5,11.75,16.700000000000003,3.0,37.0,84.0,21.0,17.511900715418264,4.800000000000001,7.5,22.0,35.5,36.4,3.0,8.0,5.75,2.217355782608345,3.6,4.5,6.0,7.25,7.7
2022-01-20,stars,026_6month,coq,bsd-2-clause,1,1.0,1.0,1.0,1.0,1.0,1.0,2251.0,2251.0,2251.0,2251.0,,2251.0,2251.0,2251.0,2251.0,2251.0,3438.0,3438.0,3438.0,,3438.0,3438.0,3438.0,3438.0,3438.0,1.0,1.0,1.0,,1.0,1.0,1.0,1.0,1.0,108.0,108.0,108.0,108.0,,108.0,108.0,108.0,108.0,108.0,39.0,39.0,39.0,39.0,,39.0,39.0,39.0,39.0,39.0,18.0,18.0,18.0,18.0,,18.0,18.0,18.0,18.0,18.0,3.0,3.0,3.0,,3.0,3.0,3.0,3.0,3.0
2022-01-20,stars,026_6month,coq,bsd-3-clause,2,2.0,2.0,2.0,1.0,1.0,1.0,532.0,2755.0,3287.0,1643.5,1571.8983745776952,754.3,1087.75,1643.5,2199.25,2532.7,216.0,2757.0,1486.5,1796.7583309950173,470.1,851.25,1486.5,2121.75,2502.9,7.0,42.0,24.5,24.748737341529164,10.5,15.75,24.5,33.25,38.5,2.0,611.0,613.0,306.5,430.62802974260745,62.900000000000006,154.25,306.5,458.75,550.1,0.0,52.0,52.0,26.0,36.76955262170047,5.2,13.0,26.0,39.0,46.8,0.0,2.0,2.0,1.0,1.4142135623730951,0.2,0.5,1.0,1.5,1.8,4.0,13.0,8.5,6.363961030678928,4.9,6.25,8.5,10.75,12.1
2022-01-20,stars,026_6month,coq,gpl-3.0,5,5.0,5.0,5.0,4.0,4.0,1.0,1090.0,20542.0,46788.0,9357.6,9521.18820316036,1244.4,1476.0,4958.0,18722.0,19814.0,701.0,2094.0,1080.4,578.8728703264646,721.8,753.0,841.0,1013.0,1661.6000000000001,1.0,101.0,41.6,41.75883140127367,1.8,3.0,44.0,59.0,84.2,0.0,52.0,76.0,15.2,22.554378732299412,0.4,1.0,1.0,22.0,40.0,0.0,7.0,14.0,2.8,3.03315017762062,0.4,1.0,1.0,5.0,6.2,0.0,4.0,6.0,1.2,1.7888543819998317,0.0,0.0,0.0,2.0,3.2,0.0,7.0,2.8,3.8340579025361623,0.0,0.0,0.0,7.0,7.0
2022-01-20,stars,026_6month,coq,lgpl-2.1,3,3.0,3.0,3.0,3.0,3.0,0.0,63.0,4368.0,7741.0,2580.3333333333335,2243.3382119808266,712.4000000000001,1686.5,3310.0,3839.0,4156.4,1263.0,2094.0,1616.3333333333333,429.22527107957353,1308.8,1377.5,1492.0,1793.0,1973.6,2.0,91.0,35.333333333333336,48.52147290976783,4.2,7.5,13.0,52.0,75.4,6.0,55.0,112.0,37.333333333333336,27.209067116190024,15.0,28.5,51.0,53.0,54.2,1.0,6.0,12.0,4.0,2.6457513110645907,1.8,3.0,5.0,5.5,5.8,1.0,13.0,23.0,7.666666666666667,6.110100926607786,2.6,5.0,9.0,11.0,12.2,0.0,8.0,5.0,4.358898943540674,1.4000000000000001,3.5,7.0,7.5,7.8
2022-01-20,stars,026_6month,coq,mit,22,22.0,22.0,22.0,21.0,21.0,8.0,69.0,137980.0,272878.0,12403.545454545454,30307.072062831227,142.70000000000002,364.0,1059.5,6647.25,35189.00000000003,4.0,2735.0,1145.1363636363637,751.2293604140164,268.90000000000003,583.75,1139.0,1460.5,2251.5000000000005,1.0,164.0,52.04545454545455,50.36294676571663,1.3000000000000003,9.25,36.0,87.5,116.7,0.0,159.0,709.0,32.22727272727273,45.98439882248038,1.0,1.5,17.0,32.75,100.00000000000011,0.0,40.0,144.0,6.545454545454546,10.992323177161815,0.0,0.0,3.0,6.5,19.800000000000026,0.0,42.0,82.0,3.727272727272727,9.612401801749051,0.0,0.0,0.0,1.0,5.900000000000002,0.0,9.0,3.5454545454545454,2.8406450093709474,0.0,0.5,4.0,5.0,7.800000000000004
2022-01-20,stars,026_6month,coq,mpl-2.0,2,2.0,2.0,2.0,2.0,1.0,1.0,327.0,984.0,1311.0,655.5,464.5691552395617,392.7,491.25,655.5,819.75,918.3,610.0,1455.0,1032.5,597.5052301026327,694.5,821.25,1032.5,1243.75,1370.5,115.0,153.0,134.0,26.870057685088806,118.8,124.5,134.0,143.5,149.2,7.0,47.0,54.0,27.0,28.284271247461902,11.0,17.0,27.0,37.0,43.0,1.0,10.0,11.0,5.5,6.363961030678928,1.9,3.25,5.5,7.75,9.1,1.0,5.0,6.0,3.0,2.8284271247461903,1.4,2.0,3.0,4.0,4.6,0.0,3.0,1.5,2.1213203435596424,0.30000000000000004,0.75,1.5,2.25,2.7
2022-01-20,stars,026_6month,coq,other,13,13.0,13.0,13.0,13.0,13.0,3.0,31.0,48076.0,94917.0,7301.307692307692,13563.404817035034,87.80000000000001,817.0,1606.0,4949.0,18696.40000000001,337.0,2568.0,1013.1538461538462,728.7669776357238,462.0,465.0,812.0,1505.0,2010.6000000000001,1.0,174.0,64.61538461538461,61.685409487088144,7.6000000000000005,14.0,34.0,91.0,155.4,0.0,107.0,255.0,19.615384615384617,31.89445735949132,0.20000000000000018,1.0,10.0,17.0,58.60000000000003,0.0,31.0,81.0,6.230769230769231,9.558188863951914,0.0,0.0,1.0,12.0,16.400000000000002,0.0,31.0,53.0,4.076923076923077,8.361235339963612,0.0,0.0,1.0,3.0,6.0,0.0,5.0,1.0769230769230769,1.8009968749527976,0.0,0.0,0.0,2.0,3.8000000000000007
2022-01-20,stars,026_6month,coq,unlicense,1,1.0,1.0,1.0,1.0,1.0,0.0,7.0,7.0,7.0,7.0,,7.0,7.0,7.0,7.0,7.0,121.0,121.0,121.0,,121.0,121.0,121.0,121.0,121.0,121.0,121.0,121.0,,121.0,121.0,121.0,121.0,121.0,0.0,0.0,0.0,0.0,,0.0,0.0,0.0,0.0,0.0,0.0,0.0,0.0,0.0,,0.0,0.0,0.0,0.0,0.0,0.0,0.0,0.0,0.0,,0.0,0.0,0.0,0.0,0.0,0.0,0.0,0.0,,0.0,0.0,0.0,0.0,0.0
2022-01-20,stars,026_6month,idris,,10,0.0,10.0,10.0,10.0,10.0,0.0,8.0,140.0,520.0,52.0,41.354833118055524,13.4,18.0,49.0,67.5,98.59999999999998,19.0,2197.0,391.1,645.4587429796647,70.3,94.5,218.0,334.25,550.8999999999994,15.0,158.0,67.2,43.40199688186401,24.9,37.5,56.0,86.0,115.69999999999999,0.0,5.0,11.0,1.1,1.8529256146249728,0.0,0.0,0.0,1.0,4.1,0.0,1.0,1.0,0.1,0.31622776601683794,0.0,0.0,0.0,0.0,0.09999999999999964,0.0,0.0,0.0,0.0,0.0,0.0,0.0,0.0,0.0,0.0,0.0,0.0,0.0,0.0,0.0,0.0,0.0,0.0,0.0
2022-01-20,stars,026_6month,idris,apache-2.0,2,2.0,2.0,2.0,1.0,1.0,1.0,19.0,520.0,539.0,269.5,354.26049737446033,69.1,144.25,269.5,394.75,469.90000000000003,97.0,690.0,393.5,419.31432124362266,156.3,245.25,393.5,541.75,630.7,0.0,76.0,38.0,53.74011537017761,7.6000000000000005,19.0,38.0,57.0,68.4,1.0,17.0,18.0,9.0,11.313708498984761,2.6,5.0,9.0,13.0,15.4,0.0,0.0,0.0,0.0,0.0,0.0,0.0,0.0,0.0,0.0,0.0,30.0,30.0,15.0,21.213203435596427,3.0,7.5,15.0,22.5,27.0,0.0,0.0,0.0,0.0,0.0,0.0,0.0,0.0,0.0
2022-01-20,stars,026_6month,idris,bsd-2-clause,1,1.0,1.0,1.0,1.0,1.0,0.0,463.0,463.0,463.0,463.0,,463.0,463.0,463.0,463.0,463.0,452.0,452.0,452.0,,452.0,452.0,452.0,452.0,452.0,8.0,8.0,8.0,,8.0,8.0,8.0,8.0,8.0,61.0,61.0,61.0,61.0,,61.0,61.0,61.0,61.0,61.0,7.0,7.0,7.0,7.0,,7.0,7.0,7.0,7.0,7.0,0.0,0.0,0.0,0.0,,0.0,0.0,0.0,0.0,0.0,0.0,0.0,0.0,,0.0,0.0,0.0,0.0,0.0
2022-01-20,stars,026_6month,idris,gpl-2.0,1,1.0,1.0,1.0,1.0,1.0,0.0,5529.0,5529.0,5529.0,5529.0,,5529.0,5529.0,5529.0,5529.0,5529.0,252.0,252.0,252.0,,252.0,252.0,252.0,252.0,252.0,3.0,3.0,3.0,,3.0,3.0,3.0,3.0,3.0,0.0,0.0,0.0,0.0,,0.0,0.0,0.0,0.0,0.0,0.0,0.0,0.0,0.0,,0.0,0.0,0.0,0.0,0.0,0.0,0.0,0.0,0.0,,0.0,0.0,0.0,0.0,0.0,0.0,0.0,0.0,,0.0,0.0,0.0,0.0,0.0
2022-01-20,stars,026_6month,idris,mit,5,5.0,5.0,5.0,5.0,5.0,0.0,6.0,14.0,48.0,9.6,3.361547262794322,6.4,7.0,9.0,12.0,13.2,12.0,418.0,130.6,166.62172727468646,23.200000000000003,40.0,52.0,131.0,303.20000000000005,9.0,131.0,67.0,50.97548430373173,21.4,40.0,46.0,109.0,122.2,0.0,2.0,2.0,0.4,0.894427190999916,0.0,0.0,0.0,0.0,1.2000000000000002,0.0,0.0,0.0,0.0,0.0,0.0,0.0,0.0,0.0,0.0,0.0,1.0,1.0,0.2,0.447213595499958,0.0,0.0,0.0,0.0,0.6000000000000001,0.0,0.0,0.0,0.0,0.0,0.0,0.0,0.0,0.0
2022-01-20,stars,026_6month,isabelle,,12,0.0,12.0,12.0,11.0,11.0,1.0,2.0,202530.0,218548.0,18212.333333333332,58091.46485004696,5.1,6.0,103.5,3722.0,6520.700000000001,37.0,2729.0,487.0,752.5926098252868,48.6,102.0,185.0,468.25,855.1,2.0,181.0,77.41666666666667,57.233903387500106,29.4,33.0,59.0,111.25,158.8,0.0,8.0,17.0,1.4166666666666667,2.5030284687057627,0.0,0.0,0.5,1.0,4.600000000000001,0.0,5.0,7.0,0.5833333333333334,1.4433756729740645,0.0,0.0,0.0,0.25,1.0,0.0,3.0,4.0,0.3333333333333333,0.8876253645985944,0.0,0.0,0.0,0.0,0.9000000000000004,0.0,2.0,0.25,0.621581560508061,0.0,0.0,0.0,0.0,0.9000000000000004
2022-01-20,stars,026_6month,isabelle,apache-2.0,1,1.0,1.0,1.0,1.0,1.0,0.0,3661.0,3661.0,3661.0,3661.0,,3661.0,3661.0,3661.0,3661.0,3661.0,23.0,23.0,23.0,,23.0,23.0,23.0,23.0,23.0,11.0,11.0,11.0,,11.0,11.0,11.0,11.0,11.0,1.0,1.0,1.0,1.0,,1.0,1.0,1.0,1.0,1.0,0.0,0.0,0.0,0.0,,0.0,0.0,0.0,0.0,0.0,0.0,0.0,0.0,0.0,,0.0,0.0,0.0,0.0,0.0,0.0,0.0,0.0,,0.0,0.0,0.0,0.0,0.0
2022-01-20,stars,026_6month,isabelle,bsd-3-clause,2,2.0,2.0,2.0,2.0,2.0,0.0,18.0,1413.0,1431.0,715.5,986.4139597552338,157.5,366.75,715.5,1064.25,1273.5,119.0,383.0,251.0,186.67619023324855,145.4,185.0,251.0,317.0,356.6,73.0,100.0,86.5,19.091883092036785,75.7,79.75,86.5,93.25,97.3,1.0,2.0,3.0,1.5,0.7071067811865476,1.1,1.25,1.5,1.75,1.9,0.0,0.0,0.0,0.0,0.0,0.0,0.0,0.0,0.0,0.0,0.0,0.0,0.0,0.0,0.0,0.0,0.0,0.0,0.0,0.0,0.0,0.0,0.0,0.0,0.0,0.0,0.0,0.0,0.0
2022-01-20,stars,026_6month,isabelle,mit,2,2.0,2.0,2.0,2.0,2.0,0.0,76.0,372.0,448.0,224.0,209.30360723121808,105.6,150.0,224.0,298.0,342.4,192.0,545.0,368.5,249.60869375885127,227.3,280.25,368.5,456.75,509.7,91.0,119.0,105.0,19.79898987322333,93.8,98.0,105.0,112.0,116.2,0.0,0.0,0.0,0.0,0.0,0.0,0.0,0.0,0.0,0.0,0.0,0.0,0.0,0.0,0.0,0.0,0.0,0.0,0.0,0.0,0.0,0.0,0.0,0.0,0.0,0.0,0.0,0.0,0.0,0.0,0.0,0.0,0.0,0.0,0.0,0.0,0.0,0.0,0.0
2022-01-20,stars,026_6month,isabelle,other,4,4.0,4.0,4.0,3.0,3.0,1.0,127.0,161056.0,241207.0,60301.75,72997.94347046132,4182.700000000001,10266.25,40012.0,90047.5,132652.6,93.0,2744.0,1395.75,1477.2375965519786,107.7,129.75,1373.0,2639.0,2702.0,0.0,93.0,50.25,42.57835913544188,9.3,23.25,54.0,81.0,88.2,0.0,382.0,408.0,102.0,187.06861486274673,0.0,0.0,13.0,115.0,275.20000000000005,0.0,81.0,87.0,21.75,39.60113634733226,0.0,0.0,3.0,24.75,58.500000000000014,0.0,11.0,14.0,3.5,5.196152422706631,0.0,0.0,1.5,5.0,8.600000000000001,0.0,5.0,3.25,2.362907813126304,0.9000000000000001,2.25,4.0,5.0,5.0
2022-01-20,stars,026_6month,lean,,15,0.0,15.0,15.0,14.0,14.0,2.0,6.0,323749.0,328899.0,21926.6,83498.86491341406,7.800000000000001,14.0,53.0,448.5,1803.4,36.0,1752.0,379.6666666666667,495.2927945982582,38.6,65.5,146.0,494.5,984.3999999999999,0.0,148.0,63.06666666666667,58.65695265898235,1.8000000000000003,17.0,34.0,125.0,144.6,0.0,19.0,35.0,2.3333333333333335,5.259911279353166,0.0,0.0,0.0,1.0,7.399999999999999,0.0,2.0,5.0,0.3333333333333333,0.6172133998483676,0.0,0.0,0.0,0.5,1.0,0.0,6.0,6.0,0.4,1.5491933384829666,0.0,0.0,0.0,0.0,0.0,0.0,3.0,0.2,0.7745966692414834,0.0,0.0,0.0,0.0,0.0
2022-01-20,stars,026_6month,lean,apache-2.0,4,4.0,4.0,4.0,4.0,4.0,1.0,18.0,584183.0,585600.0,146400.0,291855.8124793817,68.10000000000001,143.25,699.5,146956.25,409292.3000000001,16.0,1376.0,451.0,623.6184731067545,64.0,136.0,206.0,521.0,1034.0000000000002,0.0,176.0,48.25,85.48050459997688,0.30000000000000004,0.75,8.5,56.0,128.00000000000003,0.0,1324.0,1358.0,339.5,656.5122491875786,0.30000000000000004,0.75,17.0,355.75,936.7000000000003,0.0,119.0,125.0,31.25,58.56833615529811,0.0,0.0,3.0,34.25,85.10000000000002,0.0,101.0,110.0,27.5,49.183330509431755,0.0,0.0,4.5,32.0,73.40000000000002,0.0,4.0,1.75,1.707825127659933,0.30000000000000004,0.75,1.5,2.5,3.4000000000000004
2022-01-20,stars,026_6month,lean,bsd-3-clause,1,1.0,1.0,1.0,1.0,1.0,0.0,61.0,61.0,61.0,61.0,,61.0,61.0,61.0,61.0,61.0,97.0,97.0,97.0,,97.0,97.0,97.0,97.0,97.0,91.0,91.0,91.0,,91.0,91.0,91.0,91.0,91.0,0.0,0.0,0.0,0.0,,0.0,0.0,0.0,0.0,0.0,0.0,0.0,0.0,0.0,,0.0,0.0,0.0,0.0,0.0,0.0,0.0,0.0,0.0,,0.0,0.0,0.0,0.0,0.0,0.0,0.0,0.0,,0.0,0.0,0.0,0.0,0.0
2022-01-20,stars,026_6month,lean,mit,4,4.0,4.0,4.0,4.0,4.0,0.0,9.0,153.0,321.0,80.25,58.96538532619512,28.500000000000004,57.75,79.5,102.0,132.60000000000002,111.0,1963.0,676.25,863.3382400117966,167.4,252.0,315.5,739.75,1473.7000000000003,14.0,141.0,81.5,54.200246001901746,29.900000000000002,53.75,85.5,113.25,129.9,1.0,22.0,31.0,7.75,9.912113800799505,1.0,1.0,4.0,10.75,17.500000000000004,0.0,1.0,2.0,0.5,0.5773502691896257,0.0,0.0,0.5,1.0,1.0,0.0,2.0,2.0,0.5,1.0,0.0,0.0,0.0,0.5,1.4000000000000004,0.0,3.0,0.75,1.5,0.0,0.0,0.0,0.75,2.1000000000000005
2022-01-20,stars,026_6month,lean,other,1,1.0,1.0,1.0,1.0,1.0,0.0,453305.0,453305.0,453305.0,453305.0,,453305.0,453305.0,453305.0,453305.0,453305.0,156.0,156.0,156.0,,156.0,156.0,156.0,156.0,156.0,101.0,101.0,101.0,,101.0,101.0,101.0,101.0,101.0,0.0,0.0,0.0,0.0,,0.0,0.0,0.0,0.0,0.0,2.0,2.0,2.0,2.0,,2.0,2.0,2.0,2.0,2.0,0.0,0.0,0.0,0.0,,0.0,0.0,0.0,0.0,0.0,0.0,0.0,0.0,,0.0,0.0,0.0,0.0,0.0
2022-01-20,stars,026_6month,sml,,34,0.0,34.0,34.0,30.0,32.0,3.0,1.0,568456.0,1515395.0,44570.44117647059,125034.63205513543,9.3,22.0,253.0,4546.25,100247.09999999996,21.0,2801.0,549.3235294117648,727.8637784885649,47.400000000000006,104.5,175.5,702.75,1609.7,0.0,181.0,79.3529411764706,60.3594698216274,9.100000000000001,30.75,62.5,139.5,168.0,0.0,211.0,374.0,11.0,38.05100245563562,0.0,0.0,0.0,1.0,21.999999999999986,0.0,53.0,89.0,2.6176470588235294,9.70165467262205,0.0,0.0,0.0,0.0,3.0,0.0,28.0,77.0,2.264705882352941,5.8377497923554555,0.0,0.0,0.0,0.0,10.0,0.0,6.0,0.6470588235294118,1.5547064994606667,0.0,0.0,0.0,0.0,2.6999999999999993
2022-01-20,stars,026_6month,sml,agpl-3.0,1,1.0,1.0,1.0,1.0,1.0,0.0,505.0,505.0,505.0,505.0,,505.0,505.0,505.0,505.0,505.0,219.0,219.0,219.0,,219.0,219.0,219.0,219.0,219.0,104.0,104.0,104.0,,104.0,104.0,104.0,104.0,104.0,1.0,1.0,1.0,1.0,,1.0,1.0,1.0,1.0,1.0,1.0,1.0,1.0,1.0,,1.0,1.0,1.0,1.0,1.0,0.0,0.0,0.0,0.0,,0.0,0.0,0.0,0.0,0.0,0.0,0.0,0.0,,0.0,0.0,0.0,0.0,0.0
2022-01-20,stars,026_6month,sml,bsd-2-clause,1,1.0,1.0,1.0,1.0,1.0,0.0,1210.0,1210.0,1210.0,1210.0,,1210.0,1210.0,1210.0,1210.0,1210.0,2154.0,2154.0,2154.0,,2154.0,2154.0,2154.0,2154.0,2154.0,141.0,141.0,141.0,,141.0,141.0,141.0,141.0,141.0,148.0,148.0,148.0,148.0,,148.0,148.0,148.0,148.0,148.0,7.0,7.0,7.0,7.0,,7.0,7.0,7.0,7.0,7.0,39.0,39.0,39.0,39.0,,39.0,39.0,39.0,39.0,39.0,0.0,0.0,0.0,,0.0,0.0,0.0,0.0,0.0
2022-01-20,stars,026_6month,sml,bsd-3-clause,3,3.0,3.0,3.0,2.0,2.0,0.0,11.0,95754.0,96394.0,32131.333333333332,55099.712034940196,134.60000000000002,320.0,629.0,48191.5,76729.0,729.0,1870.0,1188.6666666666667,601.9321667209133,776.6,848.0,967.0,1418.5,1689.4,10.0,140.0,59.333333333333336,70.43673284113434,13.6,19.0,28.0,84.0,117.60000000000001,0.0,12.0,12.0,4.0,6.928203230275509,0.0,0.0,0.0,6.0,9.600000000000001,0.0,3.0,3.0,1.0,1.7320508075688772,0.0,0.0,0.0,1.5,2.4000000000000004,0.0,0.0,0.0,0.0,0.0,0.0,0.0,0.0,0.0,0.0,0.0,6.0,2.0,3.4641016151377544,0.0,0.0,0.0,3.0,4.800000000000001
2022-01-20,stars,026_6month,sml,gpl-2.0,2,2.0,2.0,2.0,1.0,1.0,0.0,87068.0,224139.0,311207.0,155603.5,96923.83360402126,100775.1,121335.75,155603.5,189871.25,210431.9,106.0,4595.0,2350.5,3174.2023407464117,554.9000000000001,1228.25,2350.5,3472.75,4146.1,3.0,73.0,38.0,49.49747468305833,10.0,20.5,38.0,55.5,66.0,0.0,1370.0,1370.0,685.0,968.7362902255701,137.0,342.5,685.0,1027.5,1233.0,0.0,412.0,412.0,206.0,291.3279938488576,41.2,103.0,206.0,309.0,370.8,0.0,194.0,194.0,97.0,137.17871555019022,19.400000000000002,48.5,97.0,145.5,174.6,0.0,9.0,4.5,6.363961030678928,0.9,2.25,4.5,6.75,8.1
2022-01-20,stars,026_6month,sml,gpl-3.0,4,4.0,4.0,4.0,4.0,4.0,0.0,19.0,32122.0,37988.0,9497.0,15225.387723579763,317.50000000000006,765.25,2923.5,11655.25,23935.300000000003,255.0,1495.0,857.75,634.8161807431608,290.1,342.75,840.5,1355.5,1439.2,35.0,94.0,66.75,24.2401182615377,44.900000000000006,59.75,69.0,76.0,86.80000000000001,0.0,8.0,9.0,2.25,3.8622100754188224,0.0,0.0,0.5,2.75,5.900000000000001,0.0,1.0,1.0,0.25,0.5,0.0,0.0,0.0,0.25,0.7000000000000002,0.0,829.0,834.0,208.5,413.67338162693846,0.0,0.0,2.5,211.0,581.8000000000002,0.0,0.0,0.0,0.0,0.0,0.0,0.0,0.0,0.0
2022-01-20,stars,026_6month,sml,mit,6,6.0,6.0,6.0,5.0,4.0,0.0,94.0,25843.0,38361.0,6393.5,9773.967582307607,289.5,814.5,3282.0,5221.5,15609.0,28.0,3741.0,893.5,1420.8280332256961,86.0,145.5,382.5,666.0,2212.0,8.0,144.0,38.0,52.600380226762624,8.0,9.75,20.0,27.25,86.0,0.0,135.0,193.0,32.166666666666664,55.46320101352488,0.0,0.0,0.0,43.5,96.5,0.0,12.0,16.0,2.6666666666666665,4.633213427705081,0.0,0.25,1.0,1.75,7.0,0.0,15.0,15.0,2.5,6.123724356957945,0.0,0.0,0.0,0.0,7.5,0.0,19.0,4.166666666666667,7.413950813612582,0.0,0.0,1.5,3.0,11.0
2022-01-20,stars,026_6month,sml,other,4,4.0,4.0,4.0,4.0,4.0,0.0,124.0,70172.0,114895.0,28723.75,34105.31319677332,515.8000000000001,1103.5,22299.5,49919.75,62071.100000000006,401.0,2290.0,1414.25,775.7243389245949,715.7,1187.75,1483.0,1709.5,2057.8,16.0,94.0,45.5,33.71943060017473,21.4,29.5,36.0,52.0,77.20000000000002,0.0,100.0,122.0,30.5,47.47982027486344,0.0,0.0,11.0,41.5,76.60000000000002,0.0,6.0,11.0,2.75,2.753785273643051,0.30000000000000004,0.75,2.5,4.5,5.4,0.0,10.0,13.0,3.25,4.7169905660283025,0.0,0.0,1.5,4.75,7.900000000000001,0.0,5.0,1.25,2.5,0.0,0.0,0.0,1.25,3.500000000000001
2022-01-20,stars,026_6month,tla,,5,0.0,5.0,5.0,4.0,4.0,0.0,8.0,4169.0,8228.0,1645.6,2231.691578153218,8.8,10.0,31.0,4010.0,4105.4,73.0,332.0,175.2,97.02937699480503,93.8,125.0,166.0,180.0,271.20000000000005,55.0,162.0,114.2,46.12699860168662,65.0,80.0,121.0,153.0,158.4,0.0,0.0,0.0,0.0,0.0,0.0,0.0,0.0,0.0,0.0,0.0,2.0,2.0,0.4,0.8944271909999159,0.0,0.0,0.0,0.0,1.2000000000000002,0.0,1.0,1.0,0.2,0.447213595499958,0.0,0.0,0.0,0.0,0.6000000000000001,0.0,5.0,2.6,2.5099800796022267,0.0,0.0,3.0,5.0,5.0
2022-01-20,stars,026_6month,tla,apache-2.0,1,1.0,1.0,1.0,1.0,1.0,0.0,3557.0,3557.0,3557.0,3557.0,,3557.0,3557.0,3557.0,3557.0,3557.0,707.0,707.0,707.0,,707.0,707.0,707.0,707.0,707.0,114.0,114.0,114.0,,114.0,114.0,114.0,114.0,114.0,11.0,11.0,11.0,11.0,,11.0,11.0,11.0,11.0,11.0,0.0,0.0,0.0,0.0,,0.0,0.0,0.0,0.0,0.0,0.0,0.0,0.0,0.0,,0.0,0.0,0.0,0.0,0.0,3.0,3.0,3.0,,3.0,3.0,3.0,3.0,3.0
2022-01-20,stars,026_6month,tla,mit,4,4.0,4.0,4.0,3.0,3.0,0.0,160.0,5526.0,13806.0,3451.5,2375.522188207609,1112.5,2541.25,4060.0,4970.25,5303.7,24.0,974.0,439.75,393.8598524009947,129.0,286.5,380.5,533.75,797.9000000000001,4.0,39.0,25.5,16.217274740226856,9.4,17.5,29.5,37.5,38.4,0.0,164.0,186.0,46.5,78.61085590849821,1.8000000000000003,4.5,11.0,53.0,119.60000000000002,0.0,22.0,24.0,6.0,10.708252269472673,0.0,0.0,1.0,7.0,16.000000000000004,0.0,9.0,9.0,2.25,4.5,0.0,0.0,0.0,2.25,6.300000000000002,0.0,6.0,3.25,2.5,0.9000000000000001,2.25,3.5,4.5,5.4
2022-01-20,stars,026_6month,tla,other,1,1.0,1.0,1.0,1.0,1.0,0.0,22132.0,22132.0,22132.0,22132.0,,22132.0,22132.0,22132.0,22132.0,22132.0,1822.0,1822.0,1822.0,,1822.0,1822.0,1822.0,1822.0,1822.0,7.0,7.0,7.0,,7.0,7.0,7.0,7.0,7.0,7.0,7.0,7.0,7.0,,7.0,7.0,7.0,7.0,7.0,3.0,3.0,3.0,3.0,,3.0,3.0,3.0,3.0,3.0,3.0,3.0,3.0,3.0,,3.0,3.0,3.0,3.0,3.0,0.0,0.0,0.0,,0.0,0.0,0.0,0.0,0.0
2022-01-20,stars,052_1year,ada,,66,0.0,66.0,66.0,60.0,66.0,2.0,1.0,197812.0,784642.0,11888.515151515152,33319.6321187755,26.5,86.5,858.5,6086.75,23597.5,6.0,2530.0,490.0151515151515,530.9004974836981,73.0,199.0,315.0,552.25,1208.5,1.0,360.0,189.72727272727272,116.4745657880916,16.0,66.5,206.0,297.0,334.5,0.0,232.0,307.0,4.651515151515151,28.602039961804994,0.0,0.0,0.0,1.0,4.0,0.0,43.0,62.0,0.9393939393939394,5.340350861071519,0.0,0.0,0.0,0.0,1.0,0.0,41.0,46.0,0.696969696969697,5.05346704130235,0.0,0.0,0.0,0.0,0.0,0.0,12.0,0.7424242424242424,2.2000741670058175,0.0,0.0,0.0,0.0,3.0
2022-01-20,stars,052_1year,ada,agpl-3.0,1,1.0,1.0,1.0,0.0,1.0,0.0,24152.0,24152.0,24152.0,24152.0,,24152.0,24152.0,24152.0,24152.0,24152.0,1443.0,1443.0,1443.0,,1443.0,1443.0,1443.0,1443.0,1443.0,1.0,1.0,1.0,,1.0,1.0,1.0,1.0,1.0,73.0,73.0,73.0,73.0,,73.0,73.0,73.0,73.0,73.0,3.0,3.0,3.0,3.0,,3.0,3.0,3.0,3.0,3.0,169.0,169.0,169.0,169.0,,169.0,169.0,169.0,169.0,169.0,7.0,7.0,7.0,,7.0,7.0,7.0,7.0,7.0
2022-01-20,stars,052_1year,ada,apache-2.0,9,9.0,9.0,9.0,6.0,6.0,0.0,5.0,11603.0,20493.0,2277.0,3880.9804495771427,13.8,152.0,616.0,1552.0,6613.4000000000015,8.0,2560.0,1155.5555555555557,1066.5688106155073,164.8,211.0,1090.0,2278.0,2560.0,6.0,238.0,80.11111111111111,93.6955767958718,15.600000000000001,19.0,20.0,165.0,210.8,0.0,64.0,118.0,13.11111111111111,20.15219866692245,0.8,2.0,5.0,16.0,26.40000000000001,0.0,7.0,11.0,1.2222222222222223,2.279132388529557,0.0,0.0,0.0,1.0,3.000000000000001,0.0,1.0,4.0,0.4444444444444444,0.5270462766947299,0.0,0.0,0.0,1.0,1.0,0.0,11.0,4.555555555555555,3.5394600969325505,0.0,2.0,5.0,6.0,7.800000000000001
2022-01-20,stars,052_1year,ada,bsd-3-clause,6,6.0,6.0,6.0,5.0,6.0,0.0,36.0,19083.0,22066.0,3677.6666666666665,7608.554808021472,38.5,48.0,195.0,1967.25,10799.5,124.0,2305.0,796.1666666666666,817.7130099653953,140.0,222.0,576.0,963.0,1672.5,51.0,321.0,140.5,97.635546805454,68.5,87.25,105.0,161.0,248.0,0.0,186.0,260.0,43.333333333333336,75.33303834750505,0.0,0.25,1.5,53.75,128.5,0.0,122.0,137.0,22.833333333333332,48.95065542632363,0.0,0.0,0.0,11.25,68.5,0.0,12.0,14.0,2.3333333333333335,4.802776974487434,0.0,0.0,0.0,1.5,7.0,0.0,0.0,0.0,0.0,0.0,0.0,0.0,0.0,0.0
2022-01-20,stars,052_1year,ada,cc0-1.0,1,1.0,1.0,1.0,1.0,1.0,0.0,62.0,62.0,62.0,62.0,,62.0,62.0,62.0,62.0,62.0,130.0,130.0,130.0,,130.0,130.0,130.0,130.0,130.0,5.0,5.0,5.0,,5.0,5.0,5.0,5.0,5.0,0.0,0.0,0.0,0.0,,0.0,0.0,0.0,0.0,0.0,0.0,0.0,0.0,0.0,,0.0,0.0,0.0,0.0,0.0,0.0,0.0,0.0,0.0,,0.0,0.0,0.0,0.0,0.0,0.0,0.0,0.0,,0.0,0.0,0.0,0.0,0.0
2022-01-20,stars,052_1year,ada,gpl-2.0,5,5.0,5.0,5.0,5.0,5.0,1.0,13.0,25876.0,34532.0,6906.4,11146.560088206585,25.0,43.0,497.0,8103.0,18766.800000000003,81.0,1724.0,867.2,694.8271007955864,175.0,316.0,825.0,1390.0,1590.4,6.0,312.0,136.8,133.02518558528683,20.8,43.0,81.0,242.0,284.0,0.0,10.0,15.0,3.0,4.47213595499958,0.0,0.0,0.0,5.0,8.0,0.0,0.0,0.0,0.0,0.0,0.0,0.0,0.0,0.0,0.0,0.0,3.0,3.0,0.6,1.3416407864998738,0.0,0.0,0.0,0.0,1.8000000000000003,0.0,2.0,0.4,0.894427190999916,0.0,0.0,0.0,0.0,1.2000000000000002
2022-01-20,stars,052_1year,ada,gpl-3.0,20,20.0,19.0,20.0,18.0,20.0,1.0,18.0,63875.0,194676.0,9733.8,17405.52171794009,86.2,764.75,4156.0,6105.5,30106.200000000033,3.0,2122.0,991.55,774.5389443506308,83.9,327.25,937.5,1660.0,2105.8,1.0,335.0,99.8,112.71276955630464,1.9000000000000001,10.5,59.5,132.0,292.6,0.0,138.0,359.0,17.95,40.72303757670447,0.0,0.0,1.0,8.75,52.40000000000012,0.0,40.0,75.0,3.75,10.088424841840956,0.0,0.0,0.0,0.25,10.40000000000002,0.0,137.0,177.0,8.85,30.599750600978847,0.0,0.0,0.0,1.0,13.70000000000001,0.0,11.0,3.15,3.543340677650787,0.0,0.0,2.0,6.0,7.100000000000001
2022-01-20,stars,052_1year,ada,isc,5,5.0,5.0,5.0,3.0,5.0,1.0,103.0,169780.0,178958.0,35791.6,74947.47240100896,428.6,917.0,1404.0,6754.0,104569.6,6.0,2594.0,1913.8,1076.6945713618138,895.6,2230.0,2271.0,2468.0,2543.6,2.0,208.0,92.0,89.44551414129162,3.6,6.0,97.0,147.0,183.6,0.0,230.0,278.0,55.6,98.0780301596642,2.8000000000000003,7.0,12.0,29.0,149.60000000000002,0.0,13.0,16.0,3.2,5.540758070878027,0.0,0.0,1.0,2.0,8.600000000000001,0.0,27.0,29.0,5.8,11.882760622010357,0.0,0.0,0.0,2.0,17.0,0.0,0.0,0.0,0.0,0.0,0.0,0.0,0.0,0.0
2022-01-20,stars,052_1year,ada,lgpl-2.1,1,1.0,1.0,1.0,1.0,1.0,0.0,3406.0,3406.0,3406.0,3406.0,,3406.0,3406.0,3406.0,3406.0,3406.0,2258.0,2258.0,2258.0,,2258.0,2258.0,2258.0,2258.0,2258.0,1.0,1.0,1.0,,1.0,1.0,1.0,1.0,1.0,6.0,6.0,6.0,6.0,,6.0,6.0,6.0,6.0,6.0,4.0,4.0,4.0,4.0,,4.0,4.0,4.0,4.0,4.0,0.0,0.0,0.0,0.0,,0.0,0.0,0.0,0.0,0.0,0.0,0.0,0.0,,0.0,0.0,0.0,0.0,0.0
2022-01-20,stars,052_1year,ada,lgpl-3.0,1,1.0,1.0,1.0,1.0,1.0,0.0,250.0,250.0,250.0,250.0,,250.0,250.0,250.0,250.0,250.0,1333.0,1333.0,1333.0,,1333.0,1333.0,1333.0,1333.0,1333.0,226.0,226.0,226.0,,226.0,226.0,226.0,226.0,226.0,0.0,0.0,0.0,0.0,,0.0,0.0,0.0,0.0,0.0,0.0,0.0,0.0,0.0,,0.0,0.0,0.0,0.0,0.0,1.0,1.0,1.0,1.0,,1.0,1.0,1.0,1.0,1.0,0.0,0.0,0.0,,0.0,0.0,0.0,0.0,0.0
2022-01-20,stars,052_1year,ada,mit,11,11.0,11.0,11.0,8.0,8.0,2.0,11.0,153084.0,182035.0,16548.636363636364,45497.50693889222,24.0,215.5,323.0,7458.5,11611.0,45.0,3659.0,800.0,1054.8482355296421,62.0,199.0,357.0,922.5,1532.0,1.0,355.0,185.1818181818182,139.54484453523762,13.0,54.5,163.0,325.5,340.0,0.0,76.0,119.0,10.818181818181818,22.767600584243308,0.0,0.5,2.0,6.5,24.0,0.0,15.0,25.0,2.272727272727273,4.839233598224188,0.0,0.0,0.0,1.0,8.0,0.0,1.0,2.0,0.18181818181818182,0.4045199174779453,0.0,0.0,0.0,0.0,1.0,0.0,7.0,2.5454545454545454,2.6594599588501557,0.0,0.0,3.0,4.0,6.0
2022-01-20,stars,052_1year,ada,other,5,5.0,5.0,5.0,3.0,5.0,2.0,397.0,66289.0,82186.0,16437.2,28035.006227928683,1111.0,2182.0,4799.0,8519.0,43181.0,148.0,2564.0,1024.6,921.4905316930826,330.4,604.0,742.0,1065.0,1964.4,1.0,59.0,18.8,23.188359148503803,3.0,6.0,12.0,16.0,41.800000000000004,0.0,53.0,105.0,21.0,21.563858652847824,0.8,2.0,24.0,26.0,42.2,0.0,9.0,19.0,3.8,3.5637059362410928,0.4,1.0,4.0,5.0,7.4,0.0,4.0,7.0,1.4,1.9493588689617927,0.0,0.0,0.0,3.0,3.6,0.0,7.0,2.4,3.361547262794322,0.0,0.0,0.0,5.0,6.2
2022-01-20,stars,052_1year,agda,,28,0.0,27.0,28.0,28.0,27.0,1.0,4.0,95321.0,167663.0,5987.964285714285,18302.03395999339,10.0,23.75,274.5,2510.5,14236.000000000004,2.0,2514.0,567.0357142857143,695.631420186957,52.2,136.75,225.0,728.25,1753.0,1.0,339.0,116.64285714285714,102.39727075562638,6.200000000000001,42.25,85.5,179.75,253.80000000000007,0.0,74.0,249.0,8.892857142857142,18.92742334543596,0.0,0.0,1.0,3.75,33.3,0.0,5.0,25.0,0.8928571428571429,1.5714886953385059,0.0,0.0,0.0,1.25,3.3000000000000007,0.0,5.0,11.0,0.39285714285714285,1.0306159867619522,0.0,0.0,0.0,0.0,1.0,0.0,4.0,0.39285714285714285,1.1655323283657164,0.0,0.0,0.0,0.0,0.9000000000000021
2022-01-20,stars,052_1year,agda,0bsd,1,1.0,1.0,1.0,1.0,1.0,0.0,9.0,9.0,9.0,9.0,,9.0,9.0,9.0,9.0,9.0,93.0,93.0,93.0,,93.0,93.0,93.0,93.0,93.0,92.0,92.0,92.0,,92.0,92.0,92.0,92.0,92.0,0.0,0.0,0.0,0.0,,0.0,0.0,0.0,0.0,0.0,0.0,0.0,0.0,0.0,,0.0,0.0,0.0,0.0,0.0,0.0,0.0,0.0,0.0,,0.0,0.0,0.0,0.0,0.0,0.0,0.0,0.0,,0.0,0.0,0.0,0.0,0.0
2022-01-20,stars,052_1year,agda,apache-2.0,1,1.0,1.0,1.0,1.0,1.0,0.0,469.0,469.0,469.0,469.0,,469.0,469.0,469.0,469.0,469.0,1025.0,1025.0,1025.0,,1025.0,1025.0,1025.0,1025.0,1025.0,131.0,131.0,131.0,,131.0,131.0,131.0,131.0,131.0,1.0,1.0,1.0,1.0,,1.0,1.0,1.0,1.0,1.0,0.0,0.0,0.0,0.0,,0.0,0.0,0.0,0.0,0.0,0.0,0.0,0.0,0.0,,0.0,0.0,0.0,0.0,0.0,0.0,0.0,0.0,,0.0,0.0,0.0,0.0,0.0
2022-01-20,stars,052_1year,agda,bsd-3-clause,1,1.0,1.0,1.0,1.0,1.0,0.0,5.0,5.0,5.0,5.0,,5.0,5.0,5.0,5.0,5.0,253.0,253.0,253.0,,253.0,253.0,253.0,253.0,253.0,238.0,238.0,238.0,,238.0,238.0,238.0,238.0,238.0,0.0,0.0,0.0,0.0,,0.0,0.0,0.0,0.0,0.0,0.0,0.0,0.0,0.0,,0.0,0.0,0.0,0.0,0.0,0.0,0.0,0.0,0.0,,0.0,0.0,0.0,0.0,0.0,0.0,0.0,0.0,,0.0,0.0,0.0,0.0,0.0
2022-01-20,stars,052_1year,agda,cc-by-sa-4.0,1,1.0,1.0,1.0,1.0,1.0,0.0,124.0,124.0,124.0,124.0,,124.0,124.0,124.0,124.0,124.0,245.0,245.0,245.0,,245.0,245.0,245.0,245.0,245.0,233.0,233.0,233.0,,233.0,233.0,233.0,233.0,233.0,1.0,1.0,1.0,1.0,,1.0,1.0,1.0,1.0,1.0,1.0,1.0,1.0,1.0,,1.0,1.0,1.0,1.0,1.0,0.0,0.0,0.0,0.0,,0.0,0.0,0.0,0.0,0.0,0.0,0.0,0.0,,0.0,0.0,0.0,0.0,0.0
2022-01-20,stars,052_1year,agda,cc0-1.0,3,3.0,3.0,3.0,3.0,3.0,0.0,21.0,39.0,97.0,32.333333333333336,9.865765724632494,24.2,29.0,37.0,38.0,38.6,14.0,314.0,145.66666666666666,153.324275094759,33.0,61.5,109.0,211.5,273.0,0.0,272.0,118.0,139.52777501271925,16.400000000000002,41.0,82.0,177.0,234.0,0.0,5.0,8.0,2.6666666666666665,2.5166114784235836,0.6000000000000001,1.5,3.0,4.0,4.6,0.0,0.0,0.0,0.0,0.0,0.0,0.0,0.0,0.0,0.0,0.0,0.0,0.0,0.0,0.0,0.0,0.0,0.0,0.0,0.0,0.0,0.0,0.0,0.0,0.0,0.0,0.0,0.0,0.0
2022-01-20,stars,052_1year,agda,gpl-3.0,3,3.0,3.0,3.0,3.0,3.0,2.0,4777.0,11071.0,24714.0,8238.0,3193.6494798271146,5594.8,6821.5,8866.0,9968.5,10630.0,1445.0,1756.0,1610.3333333333333,156.4299630292526,1482.0,1537.5,1630.0,1693.0,1730.8,2.0,281.0,98.66666666666667,158.00105484879944,4.2,7.5,13.0,147.0,227.4,31.0,87.0,184.0,61.333333333333336,28.290163190291665,38.0,48.5,66.0,76.5,82.8,1.0,15.0,23.0,7.666666666666667,7.023769168568492,2.2,4.0,7.0,11.0,13.4,1.0,4.0,7.0,2.3333333333333335,1.5275252316519468,1.2,1.5,2.0,3.0,3.6,4.0,11.0,7.666666666666667,3.5118845842842465,4.8,6.0,8.0,9.5,10.4
2022-01-20,stars,052_1year,agda,mit,6,6.0,6.0,6.0,6.0,6.0,0.0,8.0,12645.0,13185.0,2197.5,5119.170274565987,20.0,41.75,108.5,248.75,6464.0,119.0,1200.0,480.8333333333333,421.8015726223252,132.0,155.0,380.5,639.0,930.0,15.0,359.0,188.66666666666666,143.60176414886647,45.0,92.5,162.0,314.0,359.0,0.0,128.0,138.0,23.0,51.49757275833493,0.0,0.0,2.5,5.0,66.5,0.0,4.0,4.0,0.6666666666666666,1.632993161855452,0.0,0.0,0.0,0.0,2.0,0.0,0.0,0.0,0.0,0.0,0.0,0.0,0.0,0.0,0.0,0.0,6.0,2.3333333333333335,2.943920288775949,0.0,0.0,1.0,5.0,6.0
2022-01-20,stars,052_1year,coq,,48,0.0,48.0,48.0,46.0,47.0,4.0,0.0,29982.0,85519.0,1781.6458333333333,4968.627934626242,13.7,40.25,200.0,851.5,4248.70000000001,3.0,3304.0,714.375,728.9435265462045,96.1,236.5,351.0,1089.0,1703.8000000000004,1.0,363.0,164.64583333333334,124.57203155644243,10.8,48.75,146.0,285.75,331.6,0.0,43.0,237.0,4.9375,9.742222757426521,0.0,0.0,0.5,4.25,17.60000000000001,0.0,19.0,48.0,1.0,2.9172998299578907,0.0,0.0,0.0,1.0,3.0,0.0,20.0,46.0,0.9583333333333334,3.2613685505773553,0.0,0.0,0.0,0.0,2.3000000000000043,0.0,7.0,1.1666666666666667,2.1171371007910893,0.0,0.0,0.0,1.25,4.300000000000004
2022-01-20,stars,052_1year,coq,apache-2.0,5,5.0,5.0,5.0,4.0,4.0,1.0,13.0,37964.0,65324.0,13064.8,18007.20174541286,79.8,180.0,542.0,26625.0,33428.4,339.0,2308.0,1283.8,849.6250349418854,531.0,819.0,904.0,2049.0,2204.4,19.0,339.0,116.2,129.3124123972637,26.2,37.0,78.0,108.0,246.60000000000002,6.0,93.0,185.0,37.0,34.8209706929603,9.6,15.0,24.0,47.0,74.60000000000001,1.0,20.0,36.0,7.2,7.791020472312982,1.4,2.0,4.0,9.0,15.600000000000001,0.0,37.0,84.0,16.8,17.838161340227867,1.2000000000000002,3.0,9.0,35.0,36.2,0.0,8.0,4.6,3.2093613071762426,1.2000000000000002,3.0,5.0,7.0,7.6
2022-01-20,stars,052_1year,coq,bsd-2-clause,3,3.0,3.0,3.0,3.0,3.0,1.0,160.0,2251.0,3891.0,1297.0,1057.443615518104,424.0,820.0,1480.0,1865.5,2096.8,821.0,3438.0,2146.6666666666665,1308.8377796095792,1093.0,1501.0,2181.0,2809.5,3186.6,1.0,298.0,193.33333333333334,166.78229322483048,57.0,141.0,281.0,289.5,294.6,1.0,108.0,129.0,43.0,57.087651904768336,4.800000000000001,10.5,20.0,64.0,90.4,0.0,39.0,45.0,15.0,21.0,1.2000000000000002,3.0,6.0,22.5,32.4,0.0,18.0,28.0,9.333333333333334,9.018499505645789,2.0,5.0,10.0,14.0,16.4,3.0,8.0,4.666666666666667,2.8867513459481287,3.0,3.0,3.0,5.5,7.0
2022-01-20,stars,052_1year,coq,bsd-3-clause,2,2.0,2.0,2.0,1.0,1.0,1.0,532.0,2755.0,3287.0,1643.5,1571.8983745776952,754.3,1087.75,1643.5,2199.25,2532.7,216.0,2757.0,1486.5,1796.7583309950173,470.1,851.25,1486.5,2121.75,2502.9,7.0,42.0,24.5,24.748737341529164,10.5,15.75,24.5,33.25,38.5,2.0,611.0,613.0,306.5,430.62802974260745,62.900000000000006,154.25,306.5,458.75,550.1,0.0,52.0,52.0,26.0,36.76955262170047,5.2,13.0,26.0,39.0,46.8,0.0,2.0,2.0,1.0,1.4142135623730951,0.2,0.5,1.0,1.5,1.8,4.0,13.0,8.5,6.363961030678928,4.9,6.25,8.5,10.75,12.1
2022-01-20,stars,052_1year,coq,gpl-3.0,6,6.0,6.0,6.0,5.0,5.0,1.0,26.0,20542.0,46814.0,7802.333333333333,9329.284338397381,558.0,1186.5,3217.0,15281.0,19632.0,246.0,2094.0,941.3333333333334,619.7679135504408,473.5,714.0,797.0,970.0,1553.5,1.0,209.0,69.5,77.88131996826966,2.0,13.25,51.5,90.5,155.0,0.0,52.0,77.0,12.833333333333334,20.989680003913037,0.5,1.0,1.0,16.75,37.0,0.0,7.0,14.0,2.3333333333333335,2.943920288775949,0.0,0.25,1.0,4.0,6.0,0.0,4.0,6.0,1.0,1.6733200530681511,0.0,0.0,0.0,1.5,3.0,0.0,7.0,2.3333333333333335,3.6147844564602556,0.0,0.0,0.0,5.25,7.0
2022-01-20,stars,052_1year,coq,lgpl-2.1,4,4.0,4.0,4.0,4.0,4.0,0.0,28.0,4368.0,7769.0,1942.25,2232.4080234879407,38.5,54.25,1686.5,3574.5,4050.6000000000004,386.0,2094.0,1308.75,707.9921727439271,649.1,1043.75,1377.5,1642.5,1913.4,2.0,363.0,117.25,168.55538160102356,5.300000000000001,10.25,52.0,159.0,281.40000000000003,0.0,55.0,112.0,28.0,29.017236257093817,1.8000000000000003,4.5,28.5,52.0,53.8,0.0,6.0,12.0,3.0,2.943920288775949,0.30000000000000004,0.75,3.0,5.25,5.7,0.0,13.0,23.0,5.75,6.291528696058958,0.30000000000000004,0.75,5.0,10.0,11.8,0.0,8.0,3.75,4.349329450233296,0.0,0.0,3.5,7.25,7.7
2022-01-20,stars,052_1year,coq,mit,30,30.0,30.0,30.0,29.0,29.0,9.0,26.0,137980.0,320114.0,10670.466666666667,26758.231145772224,111.30000000000001,364.0,865.0,4892.25,36611.700000000004,4.0,2735.0,983.7333333333333,710.8596511816949,243.10000000000002,385.75,879.5,1326.25,2111.5000000000005,1.0,360.0,119.06666666666666,123.49170943367243,3.700000000000001,18.75,68.0,190.25,323.3,0.0,159.0,727.0,24.233333333333334,41.42353431809384,0.0,1.0,3.5,26.5,60.00000000000007,0.0,40.0,144.0,4.8,9.806401849882521,0.0,0.0,0.0,4.0,10.200000000000017,0.0,42.0,82.0,2.7333333333333334,8.349822766375647,0.0,0.0,0.0,1.0,5.100000000000001,0.0,9.0,2.7666666666666666,2.8849590128365996,0.0,0.0,2.5,5.0,6.200000000000003
2022-01-20,stars,052_1year,coq,mpl-2.0,2,2.0,2.0,2.0,2.0,1.0,1.0,327.0,984.0,1311.0,655.5,464.5691552395617,392.7,491.25,655.5,819.75,918.3,610.0,1455.0,1032.5,597.5052301026327,694.5,821.25,1032.5,1243.75,1370.5,115.0,153.0,134.0,26.870057685088806,118.8,124.5,134.0,143.5,149.2,7.0,47.0,54.0,27.0,28.284271247461902,11.0,17.0,27.0,37.0,43.0,1.0,10.0,11.0,5.5,6.363961030678928,1.9,3.25,5.5,7.75,9.1,1.0,5.0,6.0,3.0,2.8284271247461903,1.4,2.0,3.0,4.0,4.6,0.0,3.0,1.5,2.1213203435596424,0.30000000000000004,0.75,1.5,2.25,2.7
2022-01-20,stars,052_1year,coq,other,17,17.0,17.0,17.0,16.0,16.0,5.0,31.0,91059.0,217156.0,12773.882352941177,23631.58997476247,97.4,817.0,2132.0,11058.0,31694.80000000001,337.0,3179.0,1302.1764705882354,927.9861418209675,462.0,500.0,852.0,2061.0,2545.8,1.0,289.0,111.23529411764706,102.37280486765314,8.8,24.0,79.0,174.0,257.8,0.0,211.0,504.0,29.647058823529413,54.37938623282561,0.6000000000000001,2.0,11.0,18.0,83.00000000000001,0.0,31.0,130.0,7.647058823529412,9.473259579406843,0.0,1.0,2.0,14.0,19.4,0.0,31.0,66.0,3.8823529411764706,7.364461563321996,0.0,0.0,1.0,4.0,6.4,0.0,8.0,1.2941176470588236,2.3654995741479468,0.0,0.0,0.0,2.0,4.4
2022-01-20,stars,052_1year,coq,unlicense,1,1.0,1.0,1.0,1.0,1.0,0.0,7.0,7.0,7.0,7.0,,7.0,7.0,7.0,7.0,7.0,121.0,121.0,121.0,,121.0,121.0,121.0,121.0,121.0,121.0,121.0,121.0,,121.0,121.0,121.0,121.0,121.0,0.0,0.0,0.0,0.0,,0.0,0.0,0.0,0.0,0.0,0.0,0.0,0.0,0.0,,0.0,0.0,0.0,0.0,0.0,0.0,0.0,0.0,0.0,,0.0,0.0,0.0,0.0,0.0,0.0,0.0,0.0,,0.0,0.0,0.0,0.0,0.0
2022-01-20,stars,052_1year,idris,,18,0.0,18.0,18.0,18.0,18.0,0.0,2.0,2425.0,3659.0,203.27777777777777,561.9648100303242,6.4,14.5,49.0,88.75,287.80000000000007,19.0,2197.0,378.44444444444446,480.8367978262384,85.10000000000001,202.5,261.0,366.25,540.7000000000002,15.0,350.0,155.16666666666666,112.90925559935287,31.6,53.5,134.5,254.75,305.50000000000006,0.0,21.0,44.0,2.4444444444444446,4.9849446539168705,0.0,0.0,0.5,3.5,5.0,0.0,1.0,1.0,0.05555555555555555,0.2357022603955158,0.0,0.0,0.0,0.0,0.0,0.0,0.0,0.0,0.0,0.0,0.0,0.0,0.0,0.0,0.0,0.0,1.0,0.05555555555555555,0.23570226039551584,0.0,0.0,0.0,0.0,0.0
2022-01-20,stars,052_1year,idris,apache-2.0,3,3.0,3.0,3.0,2.0,2.0,1.0,19.0,520.0,668.0,222.66666666666666,263.3065387211896,41.0,74.0,129.0,324.5,441.8,97.0,690.0,375.0,298.22642404723297,145.2,217.5,338.0,514.0,619.6,0.0,338.0,138.0,177.32456118654292,15.200000000000001,38.0,76.0,207.0,285.6,1.0,17.0,19.0,6.333333333333333,9.237604307034013,1.0,1.0,1.0,9.0,13.8,0.0,0.0,0.0,0.0,0.0,0.0,0.0,0.0,0.0,0.0,0.0,30.0,30.0,10.0,17.320508075688775,0.0,0.0,0.0,15.0,24.0,0.0,0.0,0.0,0.0,0.0,0.0,0.0,0.0,0.0
2022-01-20,stars,052_1year,idris,bsd-2-clause,1,1.0,1.0,1.0,1.0,1.0,0.0,463.0,463.0,463.0,463.0,,463.0,463.0,463.0,463.0,463.0,452.0,452.0,452.0,,452.0,452.0,452.0,452.0,452.0,8.0,8.0,8.0,,8.0,8.0,8.0,8.0,8.0,61.0,61.0,61.0,61.0,,61.0,61.0,61.0,61.0,61.0,7.0,7.0,7.0,7.0,,7.0,7.0,7.0,7.0,7.0,0.0,0.0,0.0,0.0,,0.0,0.0,0.0,0.0,0.0,0.0,0.0,0.0,,0.0,0.0,0.0,0.0,0.0
2022-01-20,stars,052_1year,idris,gpl-2.0,1,1.0,1.0,1.0,1.0,1.0,0.0,5529.0,5529.0,5529.0,5529.0,,5529.0,5529.0,5529.0,5529.0,5529.0,252.0,252.0,252.0,,252.0,252.0,252.0,252.0,252.0,3.0,3.0,3.0,,3.0,3.0,3.0,3.0,3.0,0.0,0.0,0.0,0.0,,0.0,0.0,0.0,0.0,0.0,0.0,0.0,0.0,0.0,,0.0,0.0,0.0,0.0,0.0,0.0,0.0,0.0,0.0,,0.0,0.0,0.0,0.0,0.0,0.0,0.0,0.0,,0.0,0.0,0.0,0.0,0.0
2022-01-20,stars,052_1year,idris,gpl-3.0,2,2.0,2.0,2.0,2.0,2.0,0.0,25.0,30.0,55.0,27.5,3.5355339059327378,25.5,26.25,27.5,28.75,29.5,199.0,352.0,275.5,108.18733752154178,214.3,237.25,275.5,313.75,336.7,198.0,350.0,274.0,107.48023074035522,213.2,236.0,274.0,312.0,334.8,0.0,1.0,1.0,0.5,0.7071067811865476,0.1,0.25,0.5,0.75,0.9,0.0,0.0,0.0,0.0,0.0,0.0,0.0,0.0,0.0,0.0,0.0,0.0,0.0,0.0,0.0,0.0,0.0,0.0,0.0,0.0,0.0,0.0,0.0,0.0,0.0,0.0,0.0,0.0,0.0
2022-01-20,stars,052_1year,idris,mit,5,5.0,5.0,5.0,5.0,5.0,0.0,6.0,14.0,48.0,9.6,3.361547262794322,6.4,7.0,9.0,12.0,13.2,12.0,418.0,130.6,166.62172727468646,23.200000000000003,40.0,52.0,131.0,303.20000000000005,9.0,131.0,67.0,50.97548430373173,21.4,40.0,46.0,109.0,122.2,0.0,2.0,2.0,0.4,0.894427190999916,0.0,0.0,0.0,0.0,1.2000000000000002,0.0,0.0,0.0,0.0,0.0,0.0,0.0,0.0,0.0,0.0,0.0,1.0,1.0,0.2,0.447213595499958,0.0,0.0,0.0,0.0,0.6000000000000001,0.0,0.0,0.0,0.0,0.0,0.0,0.0,0.0,0.0
2022-01-20,stars,052_1year,isabelle,,19,0.0,18.0,19.0,16.0,16.0,1.0,2.0,202530.0,251991.0,13262.684210526315,46452.08298170472,5.8,20.0,102.0,1918.0,11905.999999999982,37.0,2729.0,458.89473684210526,596.224780015133,66.8,175.0,328.0,505.0,715.7999999999998,2.0,329.0,151.05263157894737,111.30512301487622,32.2,42.0,112.0,250.5,301.6,0.0,9.0,31.0,1.631578947368421,2.7123283625326104,0.0,0.0,1.0,1.5,5.599999999999998,0.0,5.0,18.0,0.9473684210526315,1.8400991582740052,0.0,0.0,0.0,1.0,5.0,0.0,3.0,7.0,0.3684210526315789,0.7608859102526822,0.0,0.0,0.0,0.5,1.0,0.0,3.0,0.3157894736842105,0.8200698871944031,0.0,0.0,0.0,0.0,1.1999999999999993
2022-01-20,stars,052_1year,isabelle,apache-2.0,1,1.0,1.0,1.0,1.0,1.0,0.0,3661.0,3661.0,3661.0,3661.0,,3661.0,3661.0,3661.0,3661.0,3661.0,23.0,23.0,23.0,,23.0,23.0,23.0,23.0,23.0,11.0,11.0,11.0,,11.0,11.0,11.0,11.0,11.0,1.0,1.0,1.0,1.0,,1.0,1.0,1.0,1.0,1.0,0.0,0.0,0.0,0.0,,0.0,0.0,0.0,0.0,0.0,0.0,0.0,0.0,0.0,,0.0,0.0,0.0,0.0,0.0,0.0,0.0,0.0,,0.0,0.0,0.0,0.0,0.0
2022-01-20,stars,052_1year,isabelle,bsd-2-clause,1,1.0,1.0,1.0,1.0,1.0,0.0,321.0,321.0,321.0,321.0,,321.0,321.0,321.0,321.0,321.0,317.0,317.0,317.0,,317.0,317.0,317.0,317.0,317.0,316.0,316.0,316.0,,316.0,316.0,316.0,316.0,316.0,1.0,1.0,1.0,1.0,,1.0,1.0,1.0,1.0,1.0,0.0,0.0,0.0,0.0,,0.0,0.0,0.0,0.0,0.0,0.0,0.0,0.0,0.0,,0.0,0.0,0.0,0.0,0.0,0.0,0.0,0.0,,0.0,0.0,0.0,0.0,0.0
2022-01-20,stars,052_1year,isabelle,bsd-3-clause,2,2.0,2.0,2.0,2.0,2.0,0.0,18.0,1413.0,1431.0,715.5,986.4139597552338,157.5,366.75,715.5,1064.25,1273.5,119.0,383.0,251.0,186.67619023324855,145.4,185.0,251.0,317.0,356.6,73.0,100.0,86.5,19.091883092036785,75.7,79.75,86.5,93.25,97.3,1.0,2.0,3.0,1.5,0.7071067811865476,1.1,1.25,1.5,1.75,1.9,0.0,0.0,0.0,0.0,0.0,0.0,0.0,0.0,0.0,0.0,0.0,0.0,0.0,0.0,0.0,0.0,0.0,0.0,0.0,0.0,0.0,0.0,0.0,0.0,0.0,0.0,0.0,0.0,0.0
2022-01-20,stars,052_1year,isabelle,gpl-3.0,2,2.0,2.0,2.0,2.0,2.0,0.0,1005.0,1306.0,2311.0,1155.5,212.83914113715082,1035.1,1080.25,1155.5,1230.75,1275.9,443.0,1189.0,816.0,527.5016587651645,517.6,629.5,816.0,1002.5,1114.4,98.0,265.0,181.5,118.08683245815344,114.7,139.75,181.5,223.25,248.3,0.0,0.0,0.0,0.0,0.0,0.0,0.0,0.0,0.0,0.0,0.0,0.0,0.0,0.0,0.0,0.0,0.0,0.0,0.0,0.0,0.0,0.0,0.0,0.0,0.0,0.0,0.0,0.0,0.0,0.0,0.0,0.0,0.0,0.0,0.0,0.0,0.0,0.0,0.0
2022-01-20,stars,052_1year,isabelle,mit,3,3.0,3.0,3.0,3.0,3.0,0.0,5.0,372.0,453.0,151.0,194.6561070195333,19.200000000000003,40.5,76.0,224.0,312.8,192.0,545.0,358.0,177.43449495518058,221.0,264.5,337.0,441.0,503.4,91.0,303.0,171.0,115.16944039110375,96.6,105.0,119.0,211.0,266.2,0.0,0.0,0.0,0.0,0.0,0.0,0.0,0.0,0.0,0.0,0.0,0.0,0.0,0.0,0.0,0.0,0.0,0.0,0.0,0.0,0.0,0.0,0.0,0.0,0.0,0.0,0.0,0.0,0.0,0.0,0.0,0.0,0.0,0.0,0.0,0.0,0.0,0.0,0.0
2022-01-20,stars,052_1year,isabelle,other,9,9.0,9.0,9.0,8.0,8.0,1.0,127.0,1583961.0,1917183.0,213020.33333333334,517133.19834352157,164.6,199.0,13646.0,91373.0,445637.00000000023,93.0,2744.0,1244.5555555555557,991.7233877335847,132.2,607.0,1106.0,1837.0,2632.0,0.0,315.0,150.33333333333334,137.95379661321394,0.8,31.0,93.0,315.0,315.0,0.0,382.0,426.0,47.333333333333336,125.87692401707312,0.0,0.0,0.0,18.0,97.20000000000006,0.0,81.0,92.0,10.222222222222221,26.630704918278905,0.0,0.0,0.0,4.0,21.000000000000014,0.0,11.0,14.0,1.5555555555555556,3.678012748452318,0.0,0.0,0.0,0.0,4.600000000000001,0.0,5.0,2.7777777777777777,2.1666666666666665,0.0,0.0,4.0,4.0,5.0
2022-01-20,stars,052_1year,lean,,26,0.0,24.0,26.0,24.0,24.0,2.0,5.0,323749.0,343640.0,13216.923076923076,63395.50389983382,7.5,10.5,61.0,351.0,1801.0,36.0,1752.0,402.7692307692308,400.9582828866173,50.5,121.25,291.5,514.5,927.5,0.0,340.0,146.19230769230768,115.22916965101128,3.5,34.0,144.5,225.5,322.5,0.0,19.0,55.0,2.1153846153846154,4.121426190792921,0.0,0.0,0.0,2.75,5.0,0.0,2.0,6.0,0.23076923076923078,0.5144077999169381,0.0,0.0,0.0,0.0,1.0,0.0,6.0,8.0,0.3076923076923077,1.192282878153696,0.0,0.0,0.0,0.0,0.5,0.0,3.0,0.3076923076923077,0.8840466399113008,0.0,0.0,0.0,0.0,1.0
2022-01-20,stars,052_1year,lean,apache-2.0,6,6.0,6.0,6.0,6.0,6.0,1.0,18.0,584183.0,586638.0,97773.0,238291.65535704352,101.5,213.25,519.0,1095.5,292698.5,16.0,1376.0,476.5,490.23412773898144,96.0,191.0,323.5,585.75,1010.0,0.0,356.0,128.83333333333334,147.34777455620653,0.5,4.75,96.0,212.0,290.0,0.0,1324.0,1359.0,226.5,537.8203231563492,0.0,0.25,1.0,25.0,678.5,0.0,119.0,126.0,21.0,48.06662043455937,0.0,0.0,0.5,4.75,62.5,0.0,101.0,110.0,18.333333333333332,40.65792255719255,0.0,0.0,0.0,6.75,55.0,0.0,4.0,1.1666666666666667,1.602081978759722,0.0,0.0,0.5,1.75,3.0
2022-01-20,stars,052_1year,lean,bsd-3-clause,1,1.0,1.0,1.0,1.0,1.0,0.0,61.0,61.0,61.0,61.0,,61.0,61.0,61.0,61.0,61.0,97.0,97.0,97.0,,97.0,97.0,97.0,97.0,97.0,91.0,91.0,91.0,,91.0,91.0,91.0,91.0,91.0,0.0,0.0,0.0,0.0,,0.0,0.0,0.0,0.0,0.0,0.0,0.0,0.0,0.0,,0.0,0.0,0.0,0.0,0.0,0.0,0.0,0.0,0.0,,0.0,0.0,0.0,0.0,0.0,0.0,0.0,0.0,,0.0,0.0,0.0,0.0,0.0
2022-01-20,stars,052_1year,lean,cc0-1.0,1,1.0,1.0,1.0,0.0,0.0,0.0,17.0,17.0,17.0,17.0,,17.0,17.0,17.0,17.0,17.0,259.0,259.0,259.0,,259.0,259.0,259.0,259.0,259.0,240.0,240.0,240.0,,240.0,240.0,240.0,240.0,240.0,1.0,1.0,1.0,1.0,,1.0,1.0,1.0,1.0,1.0,0.0,0.0,0.0,0.0,,0.0,0.0,0.0,0.0,0.0,0.0,0.0,0.0,0.0,,0.0,0.0,0.0,0.0,0.0,0.0,0.0,0.0,,0.0,0.0,0.0,0.0,0.0
2022-01-20,stars,052_1year,lean,mit,4,4.0,4.0,4.0,4.0,4.0,0.0,9.0,153.0,321.0,80.25,58.96538532619512,28.500000000000004,57.75,79.5,102.0,132.60000000000002,111.0,1963.0,676.25,863.3382400117966,167.4,252.0,315.5,739.75,1473.7000000000003,14.0,141.0,81.5,54.200246001901746,29.900000000000002,53.75,85.5,113.25,129.9,1.0,22.0,31.0,7.75,9.912113800799505,1.0,1.0,4.0,10.75,17.500000000000004,0.0,1.0,2.0,0.5,0.5773502691896257,0.0,0.0,0.5,1.0,1.0,0.0,2.0,2.0,0.5,1.0,0.0,0.0,0.0,0.5,1.4000000000000004,0.0,3.0,0.75,1.5,0.0,0.0,0.0,0.75,2.1000000000000005
2022-01-20,stars,052_1year,lean,other,1,1.0,1.0,1.0,1.0,1.0,0.0,453305.0,453305.0,453305.0,453305.0,,453305.0,453305.0,453305.0,453305.0,453305.0,156.0,156.0,156.0,,156.0,156.0,156.0,156.0,156.0,101.0,101.0,101.0,,101.0,101.0,101.0,101.0,101.0,0.0,0.0,0.0,0.0,,0.0,0.0,0.0,0.0,0.0,2.0,2.0,2.0,2.0,,2.0,2.0,2.0,2.0,2.0,0.0,0.0,0.0,0.0,,0.0,0.0,0.0,0.0,0.0,0.0,0.0,0.0,,0.0,0.0,0.0,0.0,0.0
2022-01-20,stars,052_1year,sml,,79,0.0,79.0,79.0,75.0,77.0,4.0,1.0,568456.0,1765571.0,22349.0,84813.48702768254,9.0,22.5,145.0,641.5,41608.600000000006,21.0,4668.0,524.7848101265823,736.1427828141677,101.0,191.5,290.0,390.5,1366.6000000000006,0.0,346.0,182.27848101265823,104.09585532142475,27.400000000000006,81.5,193.0,268.0,308.2,0.0,293.0,697.0,8.822784810126583,41.11514771507681,0.0,0.0,0.0,1.0,4.800000000000011,0.0,53.0,131.0,1.6582278481012658,7.429818778114634,0.0,0.0,0.0,0.0,1.0,0.0,36.0,152.0,1.9240506329113924,6.671355053796319,0.0,0.0,0.0,0.0,3.4000000000000057,0.0,6.0,0.43037974683544306,1.2266646910219332,0.0,0.0,0.0,0.0,2.0
2022-01-20,stars,052_1year,sml,agpl-3.0,1,1.0,1.0,1.0,1.0,1.0,0.0,505.0,505.0,505.0,505.0,,505.0,505.0,505.0,505.0,505.0,219.0,219.0,219.0,,219.0,219.0,219.0,219.0,219.0,104.0,104.0,104.0,,104.0,104.0,104.0,104.0,104.0,1.0,1.0,1.0,1.0,,1.0,1.0,1.0,1.0,1.0,1.0,1.0,1.0,1.0,,1.0,1.0,1.0,1.0,1.0,0.0,0.0,0.0,0.0,,0.0,0.0,0.0,0.0,0.0,0.0,0.0,0.0,,0.0,0.0,0.0,0.0,0.0
2022-01-20,stars,052_1year,sml,bsd-2-clause,2,2.0,2.0,2.0,2.0,2.0,0.0,1210.0,19100.0,20310.0,10155.0,12650.140315427336,2999.0,5682.5,10155.0,14627.5,17311.0,723.0,2154.0,1438.5,1011.8698038779495,866.1,1080.75,1438.5,1796.25,2010.9,141.0,271.0,206.0,91.92388155425118,154.0,173.5,206.0,238.5,258.0,5.0,148.0,153.0,76.5,101.1162697096763,19.3,40.75,76.5,112.25,133.7,0.0,7.0,7.0,3.5,4.949747468305833,0.7000000000000001,1.75,3.5,5.25,6.3,0.0,39.0,39.0,19.5,27.577164466275352,3.9000000000000004,9.75,19.5,29.25,35.1,0.0,5.0,2.5,3.5355339059327378,0.5,1.25,2.5,3.75,4.5
2022-01-20,stars,052_1year,sml,bsd-3-clause,4,4.0,4.0,4.0,3.0,3.0,0.0,11.0,95754.0,96628.0,24157.0,47732.01733986668,77.9,178.25,431.5,24410.25,67216.50000000001,729.0,3292.0,1714.5,1160.8406436716455,800.4,907.5,1418.5,2225.5,2865.4,10.0,194.0,93.0,88.55130339714562,15.4,23.5,84.0,153.5,177.8,0.0,12.0,19.0,4.75,5.852349955359813,0.0,0.0,3.5,8.25,10.5,0.0,3.0,5.0,1.25,1.4999999999999998,0.0,0.0,1.0,2.25,2.7,0.0,0.0,0.0,0.0,0.0,0.0,0.0,0.0,0.0,0.0,0.0,6.0,1.5,3.0,0.0,0.0,0.0,1.5,4.200000000000001
2022-01-20,stars,052_1year,sml,cc0-1.0,1,1.0,1.0,1.0,1.0,1.0,0.0,2063.0,2063.0,2063.0,2063.0,,2063.0,2063.0,2063.0,2063.0,2063.0,246.0,246.0,246.0,,246.0,246.0,246.0,246.0,246.0,243.0,243.0,243.0,,243.0,243.0,243.0,243.0,243.0,1.0,1.0,1.0,1.0,,1.0,1.0,1.0,1.0,1.0,0.0,0.0,0.0,0.0,,0.0,0.0,0.0,0.0,0.0,0.0,0.0,0.0,0.0,,0.0,0.0,0.0,0.0,0.0,5.0,5.0,5.0,,5.0,5.0,5.0,5.0,5.0
2022-01-20,stars,052_1year,sml,gpl-2.0,2,2.0,2.0,2.0,1.0,1.0,0.0,87068.0,224139.0,311207.0,155603.5,96923.83360402126,100775.1,121335.75,155603.5,189871.25,210431.9,106.0,4595.0,2350.5,3174.2023407464117,554.9000000000001,1228.25,2350.5,3472.75,4146.1,3.0,73.0,38.0,49.49747468305833,10.0,20.5,38.0,55.5,66.0,0.0,1370.0,1370.0,685.0,968.7362902255701,137.0,342.5,685.0,1027.5,1233.0,0.0,412.0,412.0,206.0,291.3279938488576,41.2,103.0,206.0,309.0,370.8,0.0,194.0,194.0,97.0,137.17871555019022,19.400000000000002,48.5,97.0,145.5,174.6,0.0,9.0,4.5,6.363961030678928,0.9,2.25,4.5,6.75,8.1
2022-01-20,stars,052_1year,sml,gpl-3.0,9,9.0,9.0,9.0,9.0,9.0,0.0,16.0,74325.0,133857.0,14873.0,25045.98464824252,18.4,29.0,1014.0,20693.0,40562.600000000006,255.0,2041.0,888.8888888888889,620.1982433956993,330.2,372.0,856.0,1309.0,1604.2,35.0,358.0,191.0,128.77402688430612,61.4,70.0,189.0,302.0,350.8,0.0,8.0,13.0,1.4444444444444444,2.7888667551135855,0.0,0.0,0.0,1.0,4.800000000000001,0.0,1.0,2.0,0.2222222222222222,0.44095855184409843,0.0,0.0,0.0,0.0,1.0,0.0,829.0,834.0,92.66666666666667,276.1299512910543,0.0,0.0,0.0,0.0,169.80000000000015,0.0,4.0,0.4444444444444444,1.3333333333333333,0.0,0.0,0.0,0.0,0.8000000000000007
2022-01-20,stars,052_1year,sml,mit,12,12.0,12.0,12.0,11.0,10.0,0.0,11.0,33271.0,87336.0,7278.0,11410.75853585713,15.0,74.25,1144.0,7887.75,24801.300000000003,28.0,3741.0,659.1666666666666,1017.0708237905857,144.6,217.5,293.0,632.0,1097.9,8.0,344.0,159.58333333333334,137.51526086110215,8.700000000000001,22.5,166.5,280.75,322.3,0.0,135.0,204.0,17.0,40.723011140676185,0.0,0.0,0.0,2.75,53.30000000000002,0.0,12.0,20.0,1.6666666666666667,3.4728383291777436,0.0,0.0,0.0,1.25,3.8000000000000007,0.0,15.0,15.0,1.25,4.330127018922194,0.0,0.0,0.0,0.0,0.0,0.0,19.0,2.9166666666666665,5.24765459875922,0.0,0.0,2.0,3.0,3.0
2022-01-20,stars,052_1year,sml,other,6,6.0,6.0,6.0,6.0,6.0,0.0,6.0,70172.0,114977.0,19162.833333333332,30286.80618630275,41.0,88.0,777.0,32734.25,56670.5,361.0,2290.0,1247.0,741.5146660720878,381.0,663.25,1457.0,1503.0,1903.0,16.0,361.0,141.16666666666666,151.56571731980378,25.0,35.0,66.0,251.5,332.5,0.0,100.0,124.0,20.666666666666668,39.81289573325038,0.0,0.0,1.0,17.0,61.0,0.0,6.0,11.0,1.8333333333333333,2.5625508125043424,0.0,0.0,0.5,3.25,5.0,0.0,10.0,13.0,2.1666666666666665,4.02077936060494,0.0,0.0,0.0,2.25,6.5,0.0,5.0,0.8333333333333334,2.0412414523193148,0.0,0.0,0.0,0.0,2.5
2022-01-20,stars,052_1year,tla,,8,0.0,8.0,8.0,7.0,7.0,0.0,8.0,1086187.0,1094734.0,136841.75,383597.7101144784,9.4,25.75,159.5,4049.75,328774.3999999998,73.0,1035.0,322.125,305.8007930009338,109.4,155.75,248.0,336.5,555.4999999999999,55.0,350.0,180.75,105.68112414239357,72.5,110.75,157.5,236.25,325.5,0.0,28.0,28.0,3.5,9.899494936611665,0.0,0.0,0.0,0.0,8.399999999999995,0.0,2.0,4.0,0.5,0.9258200997725514,0.0,0.0,0.0,0.5,2.0,0.0,1.0,1.0,0.125,0.3535533905932738,0.0,0.0,0.0,0.0,0.2999999999999998,0.0,5.0,2.0,2.2677868380553634,0.0,0.0,1.5,3.5,5.0
2022-01-20,stars,052_1year,tla,apache-2.0,2,2.0,2.0,2.0,2.0,2.0,0.0,2087.0,3557.0,5644.0,2822.0,1039.4469683442248,2234.0,2454.5,2822.0,3189.5,3410.0,363.0,707.0,535.0,243.24473272817235,397.4,449.0,535.0,621.0,672.6,114.0,253.0,183.5,98.2878425849301,127.9,148.75,183.5,218.25,239.1,11.0,15.0,26.0,13.0,2.8284271247461903,11.4,12.0,13.0,14.0,14.6,0.0,1.0,1.0,0.5,0.7071067811865476,0.1,0.25,0.5,0.75,0.9,0.0,0.0,0.0,0.0,0.0,0.0,0.0,0.0,0.0,0.0,0.0,3.0,1.5,2.1213203435596424,0.30000000000000004,0.75,1.5,2.25,2.7
2022-01-20,stars,052_1year,tla,gpl-3.0,1,1.0,1.0,1.0,1.0,1.0,0.0,260.0,260.0,260.0,260.0,,260.0,260.0,260.0,260.0,260.0,359.0,359.0,359.0,,359.0,359.0,359.0,359.0,359.0,359.0,359.0,359.0,,359.0,359.0,359.0,359.0,359.0,0.0,0.0,0.0,0.0,,0.0,0.0,0.0,0.0,0.0,0.0,0.0,0.0,0.0,,0.0,0.0,0.0,0.0,0.0,0.0,0.0,0.0,0.0,,0.0,0.0,0.0,0.0,0.0,0.0,0.0,0.0,,0.0,0.0,0.0,0.0,0.0
2022-01-20,stars,052_1year,tla,mit,9,9.0,9.0,9.0,8.0,8.0,0.0,48.0,20928.0,38434.0,4270.444444444444,6569.828253293825,79.2,160.0,2285.0,4785.0,8606.400000000003,24.0,1084.0,578.7777777777778,370.1218643155852,168.0,374.0,477.0,906.0,996.0,4.0,296.0,157.11111111111111,128.23751834432508,18.400000000000002,37.0,195.0,273.0,279.2,0.0,164.0,239.0,26.555555555555557,52.3500504085505,0.8,2.0,6.0,18.0,54.40000000000002,0.0,22.0,30.0,3.3333333333333335,7.123903424387503,0.0,0.0,1.0,2.0,7.600000000000003,0.0,9.0,16.0,1.7777777777777777,2.990726407487727,0.0,0.0,1.0,1.0,5.000000000000001,0.0,6.0,2.0,2.179449471770337,0.0,0.0,2.0,3.0,4.4
2022-01-20,stars,052_1year,tla,other,1,1.0,1.0,1.0,1.0,1.0,0.0,22132.0,22132.0,22132.0,22132.0,,22132.0,22132.0,22132.0,22132.0,22132.0,1822.0,1822.0,1822.0,,1822.0,1822.0,1822.0,1822.0,1822.0,7.0,7.0,7.0,,7.0,7.0,7.0,7.0,7.0,7.0,7.0,7.0,7.0,,7.0,7.0,7.0,7.0,7.0,3.0,3.0,3.0,3.0,,3.0,3.0,3.0,3.0,3.0,3.0,3.0,3.0,3.0,,3.0,3.0,3.0,3.0,3.0,0.0,0.0,0.0,,0.0,0.0,0.0,0.0,0.0
2022-01-20,stars,156_3year,ada,,148,0.0,147.0,148.0,141.0,147.0,2.0,1.0,197812.0,1442691.0,9747.912162162162,32186.50962556496,4.0,30.0,351.0,2311.0,12432.800000000014,6.0,3816.0,731.9932432432432,627.8465354390987,190.1,328.75,646.0,877.25,1247.3000000000018,1.0,1060.0,469.4527027027027,299.52264367536293,59.400000000000006,231.5,435.5,717.5,899.0000000000001,0.0,232.0,359.0,2.425675675675676,19.204269372339848,0.0,0.0,0.0,0.0,2.0,0.0,43.0,80.0,0.5405405405405406,3.6278934094295026,0.0,0.0,0.0,0.0,1.0,0.0,41.0,57.0,0.38513513513513514,3.4137051681144857,0.0,0.0,0.0,0.0,0.0,0.0,16.0,0.6486486486486487,2.2280367639001546,0.0,0.0,0.0,0.0,2.0
2022-01-20,stars,156_3year,ada,agpl-3.0,2,2.0,2.0,2.0,1.0,2.0,0.0,4317.0,24152.0,28469.0,14234.5,14025.46300483517,6300.5,9275.75,14234.5,19193.25,22168.5,1443.0,2105.0,1774.0,468.10468914549443,1509.2,1608.5,1774.0,1939.5,2038.8,1.0,790.0,395.5,557.907250356186,79.9,198.25,395.5,592.75,711.1,4.0,73.0,77.0,38.5,48.79036790187178,10.9,21.25,38.5,55.75,66.1,0.0,3.0,3.0,1.5,2.1213203435596424,0.30000000000000004,0.75,1.5,2.25,2.7,0.0,169.0,169.0,84.5,119.50104602052653,16.900000000000002,42.25,84.5,126.75,152.1,0.0,7.0,3.5,4.949747468305833,0.7000000000000001,1.75,3.5,5.25,6.3
2022-01-20,stars,156_3year,ada,apache-2.0,11,11.0,11.0,11.0,8.0,8.0,0.0,5.0,11603.0,20722.0,1883.8181818181818,3579.9812239223215,16.0,91.0,257.0,1239.0,5366.0,8.0,2560.0,1091.090909090909,979.5437156702558,204.0,243.5,1090.0,1745.5,2560.0,6.0,464.0,146.0,169.13071867641312,18.0,19.0,32.0,221.0,421.0,0.0,64.0,141.0,12.818181818181818,18.755362869420477,0.0,1.5,5.0,16.5,23.0,0.0,7.0,13.0,1.1818181818181819,2.088931871468374,0.0,0.0,0.0,1.5,2.0,0.0,2.0,6.0,0.5454545454545454,0.6875516509523286,0.0,0.0,0.0,1.0,1.0,0.0,11.0,4.454545454545454,3.6431754380934325,0.0,1.0,5.0,6.5,8.0
2022-01-20,stars,156_3year,ada,bsd-2-clause,1,1.0,1.0,1.0,1.0,1.0,0.0,106.0,106.0,106.0,106.0,,106.0,106.0,106.0,106.0,106.0,1094.0,1094.0,1094.0,,1094.0,1094.0,1094.0,1094.0,1094.0,948.0,948.0,948.0,,948.0,948.0,948.0,948.0,948.0,0.0,0.0,0.0,0.0,,0.0,0.0,0.0,0.0,0.0,0.0,0.0,0.0,0.0,,0.0,0.0,0.0,0.0,0.0,0.0,0.0,0.0,0.0,,0.0,0.0,0.0,0.0,0.0,0.0,0.0,0.0,,0.0,0.0,0.0,0.0,0.0
2022-01-20,stars,156_3year,ada,bsd-3-clause,12,12.0,12.0,12.0,11.0,12.0,0.0,8.0,19083.0,52952.0,4412.666666666667,7242.619796396296,25.200000000000003,39.75,195.0,4536.75,17685.000000000004,124.0,2342.0,966.8333333333334,730.207919746565,182.40000000000003,461.25,814.0,1118.75,2210.0000000000005,51.0,1025.0,439.25,353.25785714738697,86.5,112.0,398.0,753.75,878.7,0.0,186.0,296.0,24.666666666666668,54.74956759203813,0.0,0.0,1.5,14.5,66.10000000000002,0.0,122.0,140.0,11.666666666666666,35.007358533816166,0.0,0.0,0.0,1.25,13.700000000000005,0.0,12.0,16.0,1.3333333333333333,3.4465617474213164,0.0,0.0,0.0,0.5,2.0,0.0,17.0,1.4166666666666667,4.907477288111819,0.0,0.0,0.0,0.0,0.0
2022-01-20,stars,156_3year,ada,cc0-1.0,1,1.0,1.0,1.0,1.0,1.0,0.0,62.0,62.0,62.0,62.0,,62.0,62.0,62.0,62.0,62.0,130.0,130.0,130.0,,130.0,130.0,130.0,130.0,130.0,5.0,5.0,5.0,,5.0,5.0,5.0,5.0,5.0,0.0,0.0,0.0,0.0,,0.0,0.0,0.0,0.0,0.0,0.0,0.0,0.0,0.0,,0.0,0.0,0.0,0.0,0.0,0.0,0.0,0.0,0.0,,0.0,0.0,0.0,0.0,0.0,0.0,0.0,0.0,,0.0,0.0,0.0,0.0,0.0
2022-01-20,stars,156_3year,ada,gpl-2.0,7,7.0,7.0,7.0,7.0,7.0,1.0,13.0,25876.0,34652.0,4950.285714285715,9694.888287379175,31.000000000000004,46.0,71.0,4300.0,15212.200000000006,81.0,2513.0,1121.2857142857142,837.2091961363288,222.0,570.5,1000.0,1557.0,2039.6000000000004,6.0,995.0,297.14285714285717,340.8623517743531,28.200000000000003,62.0,242.0,356.5,638.6000000000003,0.0,13.0,30.0,4.285714285714286,5.313952882562588,0.0,0.0,2.0,7.5,11.200000000000001,0.0,3.0,3.0,0.42857142857142855,1.1338934190276817,0.0,0.0,0.0,0.0,1.200000000000001,0.0,3.0,5.0,0.7142857142857143,1.1126972805283735,0.0,0.0,0.0,1.0,1.8000000000000007,0.0,6.0,1.1428571428571428,2.2677868380553634,0.0,0.0,0.0,1.0,3.6000000000000014
2022-01-20,stars,156_3year,ada,gpl-3.0,34,34.0,33.0,34.0,32.0,34.0,1.0,18.0,63875.0,210270.0,6184.411764705882,13954.186516614414,56.800000000000004,126.5,1578.0,4998.5,8503.099999999999,3.0,2174.0,1113.0,683.1808846946183,236.8,512.25,1085.0,1698.0,2115.9,1.0,1085.0,407.6764705882353,403.88092459012205,3.0,47.5,263.0,753.5,1029.8,0.0,138.0,454.0,13.352941176470589,32.95072754330014,0.0,0.0,1.0,7.5,36.499999999999986,0.0,40.0,96.0,2.823529411764706,8.009352821565601,0.0,0.0,0.0,0.75,7.4999999999999964,0.0,137.0,178.0,5.235294117647059,23.629794781716257,0.0,0.0,0.0,0.0,3.099999999999998,0.0,11.0,2.0588235294117645,3.1036750110111466,0.0,0.0,0.0,4.0,6.699999999999999
2022-01-20,stars,156_3year,ada,isc,5,5.0,5.0,5.0,3.0,5.0,1.0,103.0,169780.0,178958.0,35791.6,74947.47240100896,428.6,917.0,1404.0,6754.0,104569.6,6.0,2594.0,1913.8,1076.6945713618138,895.6,2230.0,2271.0,2468.0,2543.6,2.0,208.0,92.0,89.44551414129162,3.6,6.0,97.0,147.0,183.6,0.0,230.0,278.0,55.6,98.0780301596642,2.8000000000000003,7.0,12.0,29.0,149.60000000000002,0.0,13.0,16.0,3.2,5.540758070878027,0.0,0.0,1.0,2.0,8.600000000000001,0.0,27.0,29.0,5.8,11.882760622010357,0.0,0.0,0.0,2.0,17.0,0.0,0.0,0.0,0.0,0.0,0.0,0.0,0.0,0.0
2022-01-20,stars,156_3year,ada,lgpl-2.1,1,1.0,1.0,1.0,1.0,1.0,0.0,3406.0,3406.0,3406.0,3406.0,,3406.0,3406.0,3406.0,3406.0,3406.0,2258.0,2258.0,2258.0,,2258.0,2258.0,2258.0,2258.0,2258.0,1.0,1.0,1.0,,1.0,1.0,1.0,1.0,1.0,6.0,6.0,6.0,6.0,,6.0,6.0,6.0,6.0,6.0,4.0,4.0,4.0,4.0,,4.0,4.0,4.0,4.0,4.0,0.0,0.0,0.0,0.0,,0.0,0.0,0.0,0.0,0.0,0.0,0.0,0.0,,0.0,0.0,0.0,0.0,0.0
2022-01-20,stars,156_3year,ada,lgpl-3.0,1,1.0,1.0,1.0,1.0,1.0,0.0,250.0,250.0,250.0,250.0,,250.0,250.0,250.0,250.0,250.0,1333.0,1333.0,1333.0,,1333.0,1333.0,1333.0,1333.0,1333.0,226.0,226.0,226.0,,226.0,226.0,226.0,226.0,226.0,0.0,0.0,0.0,0.0,,0.0,0.0,0.0,0.0,0.0,0.0,0.0,0.0,0.0,,0.0,0.0,0.0,0.0,0.0,1.0,1.0,1.0,1.0,,1.0,1.0,1.0,1.0,1.0,0.0,0.0,0.0,,0.0,0.0,0.0,0.0,0.0
2022-01-20,stars,156_3year,ada,mit,21,21.0,21.0,21.0,18.0,18.0,4.0,9.0,153084.0,230099.0,10957.095238095239,33224.63959007646,15.0,43.0,323.0,5258.0,11611.0,45.0,3659.0,1018.8095238095239,845.3168411339987,164.0,357.0,923.0,1206.0,1627.0,1.0,1026.0,499.4761904761905,371.3826354378485,45.0,163.0,355.0,811.0,965.0,0.0,76.0,134.0,6.380952380952381,16.832932574201653,0.0,0.0,1.0,3.0,10.0,0.0,15.0,28.0,1.3333333333333333,3.5962943891363146,0.0,0.0,0.0,1.0,2.0,0.0,1.0,2.0,0.09523809523809523,0.30079260375911915,0.0,0.0,0.0,0.0,0.0,0.0,8.0,1.8571428571428572,2.669938469060931,0.0,0.0,0.0,4.0,6.0
2022-01-20,stars,156_3year,ada,other,9,9.0,9.0,9.0,6.0,8.0,2.0,28.0,66289.0,95819.0,10646.555555555555,21350.835552216166,182.4,264.0,2182.0,8519.0,23753.80000000001,148.0,2564.0,1175.3333333333333,784.1775946812049,512.8000000000001,742.0,1040.0,1109.0,2380.8,1.0,1040.0,366.44444444444446,434.9873880674907,5.0,12.0,59.0,614.0,964.8000000000001,0.0,53.0,155.0,17.22222222222222,21.51614380981045,0.0,0.0,2.0,26.0,49.0,0.0,9.0,20.0,2.2222222222222223,3.1534813214040835,0.0,0.0,1.0,4.0,5.800000000000001,0.0,4.0,7.0,0.7777777777777778,1.5634719199411433,0.0,0.0,0.0,0.0,3.2,0.0,7.0,1.6666666666666667,2.692582403567252,0.0,0.0,0.0,3.0,5.4
2022-01-20,stars,156_3year,ada,unlicense,2,2.0,2.0,2.0,2.0,2.0,0.0,31.0,860.0,891.0,445.5,586.1915216036479,113.9,238.25,445.5,652.75,777.1,451.0,1177.0,814.0,513.3595231414336,523.6,632.5,814.0,995.5,1104.4,429.0,1082.0,755.5,461.7407281148155,494.3,592.25,755.5,918.75,1016.7,0.0,0.0,0.0,0.0,0.0,0.0,0.0,0.0,0.0,0.0,0.0,0.0,0.0,0.0,0.0,0.0,0.0,0.0,0.0,0.0,0.0,0.0,0.0,0.0,0.0,0.0,0.0,0.0,0.0,0.0,0.0,0.0,0.0,0.0,0.0,0.0,0.0,0.0,0.0
2022-01-20,stars,156_3year,agda,,71,0.0,68.0,71.0,71.0,70.0,3.0,1.0,95321.0,187497.0,2640.8028169014083,11722.478762275152,8.0,17.0,72.0,678.0,3895.0,2.0,2862.0,832.8732394366198,679.6940263210342,139.0,373.0,637.0,1047.0,2023.0,1.0,1083.0,462.2112676056338,336.154085225934,46.0,141.5,435.0,756.5,922.0,0.0,74.0,427.0,6.014084507042254,13.62717134231299,0.0,0.0,1.0,4.0,19.0,0.0,5.0,42.0,0.5915492957746479,1.2021108195733083,0.0,0.0,0.0,1.0,2.0,0.0,5.0,13.0,0.18309859154929578,0.6826389791501293,0.0,0.0,0.0,0.0,1.0,0.0,5.0,0.3380281690140845,1.145720758447724,0.0,0.0,0.0,0.0,0.0
2022-01-20,stars,156_3year,agda,0bsd,1,1.0,1.0,1.0,1.0,1.0,0.0,9.0,9.0,9.0,9.0,,9.0,9.0,9.0,9.0,9.0,93.0,93.0,93.0,,93.0,93.0,93.0,93.0,93.0,92.0,92.0,92.0,,92.0,92.0,92.0,92.0,92.0,0.0,0.0,0.0,0.0,,0.0,0.0,0.0,0.0,0.0,0.0,0.0,0.0,0.0,,0.0,0.0,0.0,0.0,0.0,0.0,0.0,0.0,0.0,,0.0,0.0,0.0,0.0,0.0,0.0,0.0,0.0,,0.0,0.0,0.0,0.0,0.0
2022-01-20,stars,156_3year,agda,apache-2.0,1,1.0,1.0,1.0,1.0,1.0,0.0,469.0,469.0,469.0,469.0,,469.0,469.0,469.0,469.0,469.0,1025.0,1025.0,1025.0,,1025.0,1025.0,1025.0,1025.0,1025.0,131.0,131.0,131.0,,131.0,131.0,131.0,131.0,131.0,1.0,1.0,1.0,1.0,,1.0,1.0,1.0,1.0,1.0,0.0,0.0,0.0,0.0,,0.0,0.0,0.0,0.0,0.0,0.0,0.0,0.0,0.0,,0.0,0.0,0.0,0.0,0.0,0.0,0.0,0.0,,0.0,0.0,0.0,0.0,0.0
2022-01-20,stars,156_3year,agda,bsd-3-clause,2,2.0,2.0,2.0,2.0,2.0,0.0,5.0,9.0,14.0,7.0,2.8284271247461903,5.4,6.0,7.0,8.0,8.6,253.0,400.0,326.5,103.94469683442249,267.7,289.75,326.5,363.25,385.3,238.0,400.0,319.0,114.5512985522207,254.2,278.5,319.0,359.5,383.8,0.0,0.0,0.0,0.0,0.0,0.0,0.0,0.0,0.0,0.0,0.0,0.0,0.0,0.0,0.0,0.0,0.0,0.0,0.0,0.0,0.0,0.0,0.0,0.0,0.0,0.0,0.0,0.0,0.0,0.0,0.0,0.0,0.0,0.0,0.0,0.0,0.0,0.0,0.0
2022-01-20,stars,156_3year,agda,cc-by-sa-4.0,1,1.0,1.0,1.0,1.0,1.0,0.0,124.0,124.0,124.0,124.0,,124.0,124.0,124.0,124.0,124.0,245.0,245.0,245.0,,245.0,245.0,245.0,245.0,245.0,233.0,233.0,233.0,,233.0,233.0,233.0,233.0,233.0,1.0,1.0,1.0,1.0,,1.0,1.0,1.0,1.0,1.0,1.0,1.0,1.0,1.0,,1.0,1.0,1.0,1.0,1.0,0.0,0.0,0.0,0.0,,0.0,0.0,0.0,0.0,0.0,0.0,0.0,0.0,,0.0,0.0,0.0,0.0,0.0
2022-01-20,stars,156_3year,agda,cc0-1.0,3,3.0,3.0,3.0,3.0,3.0,0.0,21.0,39.0,97.0,32.333333333333336,9.865765724632494,24.2,29.0,37.0,38.0,38.6,14.0,314.0,145.66666666666666,153.324275094759,33.0,61.5,109.0,211.5,273.0,0.0,272.0,118.0,139.52777501271925,16.400000000000002,41.0,82.0,177.0,234.0,0.0,5.0,8.0,2.6666666666666665,2.5166114784235836,0.6000000000000001,1.5,3.0,4.0,4.6,0.0,0.0,0.0,0.0,0.0,0.0,0.0,0.0,0.0,0.0,0.0,0.0,0.0,0.0,0.0,0.0,0.0,0.0,0.0,0.0,0.0,0.0,0.0,0.0,0.0,0.0,0.0,0.0,0.0
2022-01-20,stars,156_3year,agda,gpl-3.0,10,10.0,10.0,10.0,10.0,10.0,2.0,15.0,23175.0,49112.0,4911.2,7606.782935132448,17.7,34.25,551.5,7843.75,12281.399999999996,553.0,2053.0,1119.8,546.1602939308813,590.8,730.0,853.0,1583.75,1785.6999999999998,2.0,856.0,520.8,317.9328370723743,11.9,344.25,613.0,728.75,842.5,0.0,87.0,195.0,19.5,31.889566388467003,0.0,0.0,1.5,25.25,68.1,0.0,15.0,24.0,2.4,4.926120853842978,0.0,0.0,0.0,1.0,7.799999999999997,0.0,4.0,7.0,0.7,1.3374935098492586,0.0,0.0,0.0,0.75,2.1999999999999993,0.0,11.0,2.3,4.056544780420347,0.0,0.0,0.0,3.0,8.299999999999999
2022-01-20,stars,156_3year,agda,mit,17,17.0,17.0,17.0,17.0,17.0,1.0,8.0,12645.0,27061.0,1591.8235294117646,3681.8527644939527,12.6,32.0,146.0,404.0,4857.600000000003,119.0,2166.0,900.5294117647059,566.363522577048,169.0,585.0,790.0,1200.0,1611.0000000000002,15.0,1048.0,479.11764705882354,278.6689080147221,117.0,359.0,478.0,636.0,792.2,0.0,128.0,210.0,12.352941176470589,30.93731803273877,0.0,0.0,3.0,5.0,24.200000000000003,0.0,4.0,8.0,0.47058823529411764,1.0675700831106782,0.0,0.0,0.0,0.0,1.4000000000000004,0.0,1.0,1.0,0.058823529411764705,0.24253562503633297,0.0,0.0,0.0,0.0,0.0,0.0,6.0,1.2352941176470589,2.222875720904845,0.0,0.0,0.0,2.0,5.4
2022-01-20,stars,156_3year,coq,,182,0.0,180.0,182.0,178.0,181.0,9.0,0.0,583509.0,1699685.0,9338.92857142857,55866.6445087172,10.0,22.25,141.0,976.0,6663.700000000005,3.0,3514.0,971.9560439560439,686.5712295937038,302.90000000000003,505.0,812.0,1161.0,2094.0,1.0,1081.0,550.7087912087912,297.4136354137491,97.40000000000002,350.5,573.0,775.0,943.8,0.0,66.0,520.0,2.857142857142857,7.832601408874817,0.0,0.0,0.0,2.0,7.0,0.0,19.0,90.0,0.4945054945054945,1.764434558753693,0.0,0.0,0.0,0.0,1.9000000000000057,0.0,20.0,58.0,0.31868131868131866,1.7360596832620636,0.0,0.0,0.0,0.0,0.0,0.0,7.0,0.6043956043956044,1.6174403137672053,0.0,0.0,0.0,0.0,3.9000000000000057
2022-01-20,stars,156_3year,coq,apache-2.0,13,13.0,13.0,13.0,12.0,12.0,1.0,13.0,37964.0,108495.0,8345.76923076923,11778.036255065655,78.40000000000002,542.0,2168.0,12845.0,24038.80000000001,339.0,2308.0,1059.4615384615386,606.3565528884545,549.6,586.0,819.0,1420.0,1927.6000000000004,19.0,899.0,410.0769230769231,270.6779948999861,45.2,108.0,534.0,556.0,586.2,0.0,162.0,380.0,29.23076923076923,47.7478687938946,0.20000000000000018,1.0,6.0,24.0,83.80000000000004,0.0,20.0,56.0,4.3076923076923075,5.750139351711623,0.0,1.0,2.0,5.0,9.8,0.0,37.0,113.0,8.692307692307692,13.337819758020267,0.0,0.0,0.0,12.0,31.400000000000013,0.0,20.0,4.3076923076923075,5.528481035881606,0.0,0.0,3.0,6.0,7.800000000000001
2022-01-20,stars,156_3year,coq,bsd-2-clause,5,5.0,5.0,5.0,5.0,5.0,1.0,160.0,2251.0,5610.0,1122.0,799.0372331750254,356.0,650.0,1069.0,1480.0,1942.6000000000001,821.0,3438.0,1994.8,952.4779262534119,1150.6,1645.0,1889.0,2181.0,2935.2000000000003,1.0,647.0,337.6,239.2839317630835,113.0,281.0,298.0,461.0,572.6,1.0,108.0,315.0,63.0,48.82622246293481,8.600000000000001,20.0,90.0,96.0,103.2,0.0,39.0,63.0,12.6,15.274161188098024,2.4000000000000004,6.0,7.0,11.0,27.800000000000004,0.0,18.0,29.0,5.8,8.012490249604053,0.0,0.0,1.0,10.0,14.8,3.0,8.0,5.2,2.588435821108957,3.0,3.0,4.0,8.0,8.0
2022-01-20,stars,156_3year,coq,bsd-3-clause,3,3.0,3.0,3.0,2.0,2.0,1.0,18.0,2755.0,3305.0,1101.6666666666667,1454.7103950042197,120.80000000000001,275.0,532.0,1643.5,2310.4,216.0,2757.0,1290.0,1315.2973047946232,352.20000000000005,556.5,897.0,1827.0,2385.0,7.0,877.0,308.6666666666667,492.5021150546801,14.0,24.5,42.0,459.5,710.0,0.0,611.0,613.0,204.33333333333334,352.18508391658685,0.4,1.0,2.0,306.5,489.20000000000005,0.0,52.0,52.0,17.333333333333332,30.02221399786054,0.0,0.0,0.0,26.0,41.6,0.0,2.0,2.0,0.6666666666666666,1.1547005383792517,0.0,0.0,0.0,1.0,1.6,0.0,13.0,5.666666666666667,6.6583281184793925,0.8,2.0,4.0,8.5,11.200000000000001
2022-01-20,stars,156_3year,coq,gpl-3.0,16,16.0,16.0,16.0,15.0,15.0,1.0,15.0,20542.0,68467.0,4279.1875,7660.375275565812,18.0,33.5,594.5,2346.5,18995.5,246.0,2094.0,966.6875,460.0937178083033,524.5,688.25,990.5,1070.25,1478.0,1.0,1057.0,488.0625,389.54887904686194,23.5,90.5,499.0,827.75,1010.5,0.0,52.0,113.0,7.0625,14.493533040635745,0.0,0.0,1.0,3.25,24.5,0.0,7.0,15.0,0.9375,2.048373338367138,0.0,0.0,0.0,1.0,3.0,0.0,4.0,6.0,0.375,1.0878112581387145,0.0,0.0,0.0,0.0,1.0,0.0,7.0,1.375,2.604483314082341,0.0,0.0,0.0,0.75,6.0
2022-01-20,stars,156_3year,coq,lgpl-2.1,11,11.0,11.0,11.0,11.0,11.0,0.0,28.0,4368.0,9069.0,824.4545454545455,1520.7604915723164,40.0,52.0,80.0,448.0,3310.0,386.0,2095.0,1734.8181818181818,566.7515890020633,1263.0,1386.5,2094.0,2094.5,2095.0,2.0,775.0,447.54545454545456,308.3690528040593,13.0,227.0,459.0,775.0,775.0,0.0,55.0,125.0,11.363636363636363,20.76666909869143,0.0,0.5,1.0,7.0,51.0,0.0,6.0,13.0,1.1818181818181819,2.182575626097837,0.0,0.0,0.0,1.0,5.0,0.0,13.0,24.0,2.1818181818181817,4.468068527186705,0.0,0.0,0.0,1.0,9.0,0.0,8.0,1.5454545454545454,3.012096823265692,0.0,0.0,0.0,1.0,7.0
2022-01-20,stars,156_3year,coq,lgpl-3.0,5,5.0,5.0,5.0,5.0,5.0,0.0,13.0,31846.0,35774.0,7154.8,13822.546100483803,288.6,702.0,1168.0,2045.0,19925.600000000002,673.0,2095.0,1258.8,528.5131975646399,798.2,986.0,1259.0,1281.0,1769.4,556.0,1057.0,815.8,217.14902716797974,602.8,673.0,775.0,1018.0,1041.4,0.0,22.0,27.0,5.4,9.423375191511797,0.0,0.0,1.0,4.0,14.8,0.0,1.0,1.0,0.2,0.447213595499958,0.0,0.0,0.0,0.0,0.6000000000000001,0.0,0.0,0.0,0.0,0.0,0.0,0.0,0.0,0.0,0.0,0.0,6.0,2.0,2.8284271247461903,0.0,0.0,0.0,4.0,5.2
2022-01-20,stars,156_3year,coq,mit,48,48.0,47.0,48.0,47.0,47.0,10.0,4.0,137980.0,366532.0,7636.083333333333,21814.468695363474,7.7,61.25,468.5,4038.75,25528.10000000002,4.0,2735.0,1013.0208333333334,692.6218608374478,349.9,488.0,845.0,1314.75,2146.500000000001,1.0,911.0,334.7083333333333,313.0436009556669,8.0,41.25,281.0,612.25,817.5000000000001,0.0,175.0,943.0,19.645833333333332,41.23130889667869,0.0,0.0,2.5,18.75,53.60000000000001,0.0,40.0,161.0,3.3541666666666665,8.025198568056593,0.0,0.0,0.0,3.0,8.0,0.0,42.0,84.0,1.75,6.685964975945841,0.0,0.0,0.0,0.25,1.9000000000000128,0.0,9.0,2.0,2.601145410546767,0.0,0.0,0.0,4.0,5.300000000000004
2022-01-20,stars,156_3year,coq,mpl-2.0,2,2.0,2.0,2.0,2.0,1.0,1.0,327.0,984.0,1311.0,655.5,464.5691552395617,392.7,491.25,655.5,819.75,918.3,610.0,1455.0,1032.5,597.5052301026327,694.5,821.25,1032.5,1243.75,1370.5,115.0,153.0,134.0,26.870057685088806,118.8,124.5,134.0,143.5,149.2,7.0,47.0,54.0,27.0,28.284271247461902,11.0,17.0,27.0,37.0,43.0,1.0,10.0,11.0,5.5,6.363961030678928,1.9,3.25,5.5,7.75,9.1,1.0,5.0,6.0,3.0,2.8284271247461903,1.4,2.0,3.0,4.0,4.6,0.0,3.0,1.5,2.1213203435596424,0.30000000000000004,0.75,1.5,2.25,2.7
2022-01-20,stars,156_3year,coq,other,31,31.0,31.0,31.0,30.0,30.0,7.0,31.0,91059.0,253678.0,8183.1612903225805,18302.00281043357,107.0,269.5,1345.0,6602.5,19861.0,337.0,3179.0,1376.4193548387098,846.5143737387076,464.0,698.0,1185.0,2095.0,2568.0,1.0,1014.0,381.06451612903226,342.17830980195794,14.0,72.5,280.0,706.0,889.0,0.0,211.0,713.0,23.0,47.27437642811025,0.0,2.0,8.0,14.0,67.0,0.0,31.0,146.0,4.709677419354839,7.862118240385757,0.0,0.0,1.0,5.5,17.0,0.0,31.0,71.0,2.2903225806451615,5.6932331083318966,0.0,0.0,0.0,2.5,6.0,0.0,8.0,0.8064516129032258,1.8871381302333559,0.0,0.0,0.0,0.0,3.0
2022-01-20,stars,156_3year,coq,unlicense,4,4.0,4.0,4.0,4.0,4.0,0.0,7.0,250.0,416.0,104.0,104.03525043625038,23.800000000000004,49.0,79.5,134.5,203.8,121.0,2670.0,1075.5,1107.8930453793814,278.5,514.75,755.5,1316.25,2128.5000000000005,121.0,1058.0,645.75,393.4635730704093,271.3,496.75,702.0,851.0,975.2,0.0,3.0,3.0,0.75,1.5,0.0,0.0,0.0,0.75,2.1000000000000005,0.0,0.0,0.0,0.0,0.0,0.0,0.0,0.0,0.0,0.0,0.0,0.0,0.0,0.0,0.0,0.0,0.0,0.0,0.0,0.0,0.0,0.0,0.0,0.0,0.0,0.0,0.0,0.0,0.0
2022-01-20,stars,156_3year,idris,,35,0.0,35.0,35.0,35.0,35.0,0.0,1.0,20955.0,25896.0,739.8857142857142,3541.5828861535624,3.200000000000001,13.0,26.0,91.5,331.2,19.0,2457.0,720.1714285714286,618.5164169067732,146.60000000000002,261.0,528.0,1060.5,1582.4,15.0,1083.0,456.2857142857143,367.6838932808334,49.2,134.5,350.0,756.0,1038.8,0.0,35.0,101.0,2.8857142857142857,6.8288808340296985,0.0,0.0,0.0,2.5,5.0,0.0,5.0,8.0,0.22857142857142856,0.87735277919413,0.0,0.0,0.0,0.0,0.6000000000000014,0.0,9.0,10.0,0.2857142857142857,1.5256903658465484,0.0,0.0,0.0,0.0,0.0,0.0,1.0,0.02857142857142857,0.1690308509457033,0.0,0.0,0.0,0.0,0.0
2022-01-20,stars,156_3year,idris,apache-2.0,6,6.0,6.0,6.0,5.0,5.0,1.0,6.0,520.0,811.0,135.16666666666666,193.51632144774422,12.5,30.25,68.5,115.0,324.5,97.0,1291.0,651.8333333333334,423.0439299489672,217.5,397.0,632.0,863.25,1106.0,0.0,1065.0,494.3333333333333,437.41269605107107,38.0,141.5,452.0,832.25,993.0,0.0,32.0,51.0,8.5,13.277801022759755,0.0,0.25,1.0,13.0,24.5,0.0,3.0,3.0,0.5,1.224744871391589,0.0,0.0,0.0,0.0,1.5,0.0,30.0,32.0,5.333333333333333,12.110601416389967,0.0,0.0,0.0,1.5,16.0,0.0,3.0,0.5,1.224744871391589,0.0,0.0,0.0,0.0,1.5
2022-01-20,stars,156_3year,idris,bsd-2-clause,1,1.0,1.0,1.0,1.0,1.0,0.0,463.0,463.0,463.0,463.0,,463.0,463.0,463.0,463.0,463.0,452.0,452.0,452.0,,452.0,452.0,452.0,452.0,452.0,8.0,8.0,8.0,,8.0,8.0,8.0,8.0,8.0,61.0,61.0,61.0,61.0,,61.0,61.0,61.0,61.0,61.0,7.0,7.0,7.0,7.0,,7.0,7.0,7.0,7.0,7.0,0.0,0.0,0.0,0.0,,0.0,0.0,0.0,0.0,0.0,0.0,0.0,0.0,,0.0,0.0,0.0,0.0,0.0
2022-01-20,stars,156_3year,idris,gpl-2.0,1,1.0,1.0,1.0,1.0,1.0,0.0,5529.0,5529.0,5529.0,5529.0,,5529.0,5529.0,5529.0,5529.0,5529.0,252.0,252.0,252.0,,252.0,252.0,252.0,252.0,252.0,3.0,3.0,3.0,,3.0,3.0,3.0,3.0,3.0,0.0,0.0,0.0,0.0,,0.0,0.0,0.0,0.0,0.0,0.0,0.0,0.0,0.0,,0.0,0.0,0.0,0.0,0.0,0.0,0.0,0.0,0.0,,0.0,0.0,0.0,0.0,0.0,0.0,0.0,0.0,,0.0,0.0,0.0,0.0,0.0
2022-01-20,stars,156_3year,idris,gpl-3.0,4,4.0,4.0,4.0,4.0,4.0,0.0,25.0,344.0,545.0,136.25,149.3550021481258,26.5,28.75,88.0,195.5,284.6,199.0,2768.0,1057.0,1180.7644416506905,244.9,313.75,630.5,1373.75,2210.3,198.0,864.0,551.25,327.3849670749509,243.60000000000002,312.0,571.5,810.75,842.7,0.0,1.0,2.0,0.5,0.5773502691896257,0.0,0.0,0.5,1.0,1.0,0.0,0.0,0.0,0.0,0.0,0.0,0.0,0.0,0.0,0.0,0.0,0.0,0.0,0.0,0.0,0.0,0.0,0.0,0.0,0.0,0.0,0.0,0.0,0.0,0.0,0.0,0.0,0.0,0.0
2022-01-20,stars,156_3year,idris,mit,14,14.0,14.0,14.0,14.0,14.0,1.0,4.0,624.0,1554.0,111.0,174.35992835334793,6.3,9.0,20.0,176.75,261.2000000000001,12.0,2959.0,958.0,940.0869026932481,43.6,202.75,812.0,1047.25,2433.000000000001,9.0,1088.0,599.7857142857143,430.5022431052843,41.8,114.5,726.5,964.25,992.7,0.0,197.0,358.0,25.571428571428573,63.00270358754979,0.0,0.0,0.5,2.75,105.10000000000015,0.0,11.0,23.0,1.6428571428571428,3.9731239957638227,0.0,0.0,0.0,0.0,8.00000000000001,0.0,8.0,10.0,0.7142857142857143,2.1277858274442303,0.0,0.0,0.0,0.0,1.0,0.0,12.0,1.3571428571428572,3.319108843723495,0.0,0.0,0.0,0.0,3.700000000000001
2022-01-20,stars,156_3year,idris,other,1,1.0,1.0,1.0,1.0,1.0,0.0,11.0,11.0,11.0,11.0,,11.0,11.0,11.0,11.0,11.0,1971.0,1971.0,1971.0,,1971.0,1971.0,1971.0,1971.0,1971.0,884.0,884.0,884.0,,884.0,884.0,884.0,884.0,884.0,5.0,5.0,5.0,5.0,,5.0,5.0,5.0,5.0,5.0,0.0,0.0,0.0,0.0,,0.0,0.0,0.0,0.0,0.0,0.0,0.0,0.0,0.0,,0.0,0.0,0.0,0.0,0.0,0.0,0.0,0.0,,0.0,0.0,0.0,0.0,0.0
2022-01-20,stars,156_3year,isabelle,,39,0.0,36.0,39.0,35.0,35.0,1.0,2.0,202530.0,278697.0,7146.076923076923,32623.57812701906,5.0,25.5,77.0,869.5,5531.600000000004,37.0,2729.0,693.5128205128206,537.1769223300091,157.60000000000002,343.5,676.0,893.0,1057.6000000000001,2.0,1091.0,479.35897435897436,358.04722469907483,37.0,138.0,506.0,748.5,959.2,0.0,9.0,39.0,1.0,2.051956704170308,0.0,0.0,0.0,1.0,2.200000000000003,0.0,5.0,20.0,0.5128205128205128,1.3740411943528759,0.0,0.0,0.0,0.0,1.2000000000000028,0.0,3.0,7.0,0.1794871794871795,0.5559153131166877,0.0,0.0,0.0,0.0,1.0,0.0,3.0,0.15384615384615385,0.586625565975325,0.0,0.0,0.0,0.0,0.0
2022-01-20,stars,156_3year,isabelle,afl-3.0,1,1.0,1.0,1.0,1.0,1.0,0.0,17945.0,17945.0,17945.0,17945.0,,17945.0,17945.0,17945.0,17945.0,17945.0,767.0,767.0,767.0,,767.0,767.0,767.0,767.0,767.0,764.0,764.0,764.0,,764.0,764.0,764.0,764.0,764.0,0.0,0.0,0.0,0.0,,0.0,0.0,0.0,0.0,0.0,0.0,0.0,0.0,0.0,,0.0,0.0,0.0,0.0,0.0,0.0,0.0,0.0,0.0,,0.0,0.0,0.0,0.0,0.0,6.0,6.0,6.0,,6.0,6.0,6.0,6.0,6.0
2022-01-20,stars,156_3year,isabelle,apache-2.0,1,1.0,1.0,1.0,1.0,1.0,0.0,3661.0,3661.0,3661.0,3661.0,,3661.0,3661.0,3661.0,3661.0,3661.0,23.0,23.0,23.0,,23.0,23.0,23.0,23.0,23.0,11.0,11.0,11.0,,11.0,11.0,11.0,11.0,11.0,1.0,1.0,1.0,1.0,,1.0,1.0,1.0,1.0,1.0,0.0,0.0,0.0,0.0,,0.0,0.0,0.0,0.0,0.0,0.0,0.0,0.0,0.0,,0.0,0.0,0.0,0.0,0.0,0.0,0.0,0.0,,0.0,0.0,0.0,0.0,0.0
2022-01-20,stars,156_3year,isabelle,bsd-2-clause,1,1.0,1.0,1.0,1.0,1.0,0.0,321.0,321.0,321.0,321.0,,321.0,321.0,321.0,321.0,321.0,317.0,317.0,317.0,,317.0,317.0,317.0,317.0,317.0,316.0,316.0,316.0,,316.0,316.0,316.0,316.0,316.0,1.0,1.0,1.0,1.0,,1.0,1.0,1.0,1.0,1.0,0.0,0.0,0.0,0.0,,0.0,0.0,0.0,0.0,0.0,0.0,0.0,0.0,0.0,,0.0,0.0,0.0,0.0,0.0,0.0,0.0,0.0,,0.0,0.0,0.0,0.0,0.0
2022-01-20,stars,156_3year,isabelle,bsd-3-clause,2,2.0,2.0,2.0,2.0,2.0,0.0,18.0,1413.0,1431.0,715.5,986.4139597552338,157.5,366.75,715.5,1064.25,1273.5,119.0,383.0,251.0,186.67619023324855,145.4,185.0,251.0,317.0,356.6,73.0,100.0,86.5,19.091883092036785,75.7,79.75,86.5,93.25,97.3,1.0,2.0,3.0,1.5,0.7071067811865476,1.1,1.25,1.5,1.75,1.9,0.0,0.0,0.0,0.0,0.0,0.0,0.0,0.0,0.0,0.0,0.0,0.0,0.0,0.0,0.0,0.0,0.0,0.0,0.0,0.0,0.0,0.0,0.0,0.0,0.0,0.0,0.0,0.0,0.0
2022-01-20,stars,156_3year,isabelle,gpl-3.0,2,2.0,2.0,2.0,2.0,2.0,0.0,1005.0,1306.0,2311.0,1155.5,212.83914113715082,1035.1,1080.25,1155.5,1230.75,1275.9,443.0,1189.0,816.0,527.5016587651645,517.6,629.5,816.0,1002.5,1114.4,98.0,265.0,181.5,118.08683245815344,114.7,139.75,181.5,223.25,248.3,0.0,0.0,0.0,0.0,0.0,0.0,0.0,0.0,0.0,0.0,0.0,0.0,0.0,0.0,0.0,0.0,0.0,0.0,0.0,0.0,0.0,0.0,0.0,0.0,0.0,0.0,0.0,0.0,0.0,0.0,0.0,0.0,0.0,0.0,0.0,0.0,0.0,0.0,0.0
2022-01-20,stars,156_3year,isabelle,isc,1,1.0,1.0,1.0,1.0,1.0,0.0,20.0,20.0,20.0,20.0,,20.0,20.0,20.0,20.0,20.0,1121.0,1121.0,1121.0,,1121.0,1121.0,1121.0,1121.0,1121.0,1088.0,1088.0,1088.0,,1088.0,1088.0,1088.0,1088.0,1088.0,0.0,0.0,0.0,0.0,,0.0,0.0,0.0,0.0,0.0,0.0,0.0,0.0,0.0,,0.0,0.0,0.0,0.0,0.0,0.0,0.0,0.0,0.0,,0.0,0.0,0.0,0.0,0.0,0.0,0.0,0.0,,0.0,0.0,0.0,0.0,0.0
2022-01-20,stars,156_3year,isabelle,mit,4,4.0,4.0,4.0,4.0,4.0,0.0,5.0,372.0,466.0,116.5,173.26761574704798,7.4,11.0,44.5,150.0,283.20000000000005,192.0,679.0,438.25,216.2149778962287,235.5,300.75,441.0,578.5,638.8000000000001,91.0,679.0,298.0,270.84805088216285,99.4,112.0,211.0,397.0,566.2,0.0,0.0,0.0,0.0,0.0,0.0,0.0,0.0,0.0,0.0,0.0,0.0,0.0,0.0,0.0,0.0,0.0,0.0,0.0,0.0,0.0,0.0,0.0,0.0,0.0,0.0,0.0,0.0,0.0,0.0,0.0,0.0,0.0,0.0,0.0,0.0,0.0,0.0,0.0
2022-01-20,stars,156_3year,isabelle,other,11,11.0,11.0,11.0,10.0,10.0,1.0,37.0,1583961.0,1920993.0,174635.72727272726,470356.58256371645,127.0,186.5,3773.0,78875.5,161056.0,93.0,2744.0,1361.1818181818182,924.4786442294726,142.0,607.0,1461.0,1887.0,2604.0,0.0,610.0,217.27272727272728,197.68616082522868,1.0,54.0,206.0,315.0,427.0,0.0,382.0,647.0,58.81818181818182,125.58249733288328,0.0,0.0,0.0,22.0,221.0,0.0,81.0,132.0,12.0,25.748786379167466,0.0,0.0,0.0,5.0,40.0,0.0,146.0,160.0,14.545454545454545,43.72496686416957,0.0,0.0,0.0,1.5,11.0,0.0,5.0,2.272727272727273,2.2401298663653,0.0,0.0,3.0,4.0,5.0
2022-01-20,stars,156_3year,isabelle,unlicense,1,1.0,1.0,1.0,1.0,1.0,0.0,7.0,7.0,7.0,7.0,,7.0,7.0,7.0,7.0,7.0,851.0,851.0,851.0,,851.0,851.0,851.0,851.0,851.0,839.0,839.0,839.0,,839.0,839.0,839.0,839.0,839.0,0.0,0.0,0.0,0.0,,0.0,0.0,0.0,0.0,0.0,0.0,0.0,0.0,0.0,,0.0,0.0,0.0,0.0,0.0,0.0,0.0,0.0,0.0,,0.0,0.0,0.0,0.0,0.0,0.0,0.0,0.0,,0.0,0.0,0.0,0.0,0.0
2022-01-20,stars,156_3year,lean,,47,0.0,45.0,47.0,45.0,45.0,3.0,3.0,323749.0,345056.0,7341.617021276596,47200.68251328262,7.0,10.0,43.0,153.0,447.0,36.0,1752.0,524.468085106383,370.04705053745647,78.2,252.5,445.0,642.5,1037.4,0.0,1022.0,335.531914893617,273.07674116993667,30.0,125.0,321.0,519.5,683.1999999999997,0.0,19.0,91.0,1.9361702127659575,3.9198727536975464,0.0,0.0,0.0,2.0,5.0,0.0,2.0,10.0,0.2127659574468085,0.5080298781339349,0.0,0.0,0.0,0.0,1.0,0.0,6.0,10.0,0.2127659574468085,0.9310155794887074,0.0,0.0,0.0,0.0,0.0,0.0,3.0,0.23404255319148937,0.7860956341158168,0.0,0.0,0.0,0.0,0.0
2022-01-20,stars,156_3year,lean,apache-2.0,11,11.0,11.0,11.0,11.0,11.0,2.0,10.0,584183.0,588729.0,53520.818181818184,176001.74510601774,18.0,54.0,185.0,977.0,1860.0,16.0,1376.0,672.7272727272727,469.73313506907107,176.0,323.5,569.0,1086.0,1298.0,0.0,990.0,397.72727272727275,361.36493767633044,1.0,96.0,356.0,565.5,984.0,0.0,1324.0,1381.0,125.54545454545455,397.62956721963315,0.0,0.0,1.0,11.0,33.0,0.0,119.0,131.0,11.909090909090908,35.58498151033535,0.0,0.0,0.0,3.0,6.0,0.0,101.0,120.0,10.909090909090908,30.121270044453787,0.0,0.0,0.0,4.5,10.0,0.0,4.0,0.6363636363636364,1.2862913567871994,0.0,0.0,0.0,0.5,2.0
2022-01-20,stars,156_3year,lean,bsd-3-clause,1,1.0,1.0,1.0,1.0,1.0,0.0,61.0,61.0,61.0,61.0,,61.0,61.0,61.0,61.0,61.0,97.0,97.0,97.0,,97.0,97.0,97.0,97.0,97.0,91.0,91.0,91.0,,91.0,91.0,91.0,91.0,91.0,0.0,0.0,0.0,0.0,,0.0,0.0,0.0,0.0,0.0,0.0,0.0,0.0,0.0,,0.0,0.0,0.0,0.0,0.0,0.0,0.0,0.0,0.0,,0.0,0.0,0.0,0.0,0.0,0.0,0.0,0.0,,0.0,0.0,0.0,0.0,0.0
2022-01-20,stars,156_3year,lean,cc0-1.0,1,1.0,1.0,1.0,0.0,0.0,0.0,17.0,17.0,17.0,17.0,,17.0,17.0,17.0,17.0,17.0,259.0,259.0,259.0,,259.0,259.0,259.0,259.0,259.0,240.0,240.0,240.0,,240.0,240.0,240.0,240.0,240.0,1.0,1.0,1.0,1.0,,1.0,1.0,1.0,1.0,1.0,0.0,0.0,0.0,0.0,,0.0,0.0,0.0,0.0,0.0,0.0,0.0,0.0,0.0,,0.0,0.0,0.0,0.0,0.0,0.0,0.0,0.0,,0.0,0.0,0.0,0.0,0.0
2022-01-20,stars,156_3year,lean,mit,7,7.0,7.0,7.0,7.0,6.0,0.0,4.0,153.0,421.0,60.142857142857146,52.52437076071948,7.0,17.0,71.0,79.5,112.20000000000002,111.0,1963.0,759.8571428571429,641.6178583787053,223.8,315.5,675.0,969.5,1508.2000000000003,14.0,1030.0,390.42857142857144,403.79815797122257,45.800000000000004,85.5,141.0,688.5,838.6000000000001,0.0,22.0,32.0,4.571428571428571,8.059303999253345,0.0,0.5,1.0,4.0,13.000000000000005,0.0,1.0,2.0,0.2857142857142857,0.4879500364742666,0.0,0.0,0.0,0.5,1.0,0.0,2.0,2.0,0.2857142857142857,0.7559289460184545,0.0,0.0,0.0,0.0,0.8000000000000007,0.0,3.0,0.42857142857142855,1.1338934190276817,0.0,0.0,0.0,0.0,1.200000000000001
2022-01-20,stars,156_3year,lean,other,2,2.0,2.0,2.0,2.0,2.0,0.0,154.0,453305.0,453459.0,226729.5,320426.1450014652,45469.100000000006,113441.75,226729.5,340017.25,407989.9,156.0,1066.0,611.0,643.4671708797582,247.0,383.5,611.0,838.5,975.0,101.0,656.0,378.5,392.44426355853386,156.5,239.75,378.5,517.25,600.5,0.0,0.0,0.0,0.0,0.0,0.0,0.0,0.0,0.0,0.0,0.0,2.0,2.0,1.0,1.4142135623730951,0.2,0.5,1.0,1.5,1.8,0.0,0.0,0.0,0.0,0.0,0.0,0.0,0.0,0.0,0.0,0.0,0.0,0.0,0.0,0.0,0.0,0.0,0.0,0.0
2022-01-20,stars,156_3year,sml,,167,0.0,167.0,167.0,161.0,164.0,6.0,0.0,754519.0,3087358.0,18487.17365269461,82746.25641763085,5.0,22.5,221.0,2817.5,28713.00000000005,21.0,4668.0,733.4790419161677,626.4927315064411,176.4,297.5,605.0,997.5,1557.4,0.0,1084.0,480.4311377245509,330.3536345250018,63.80000000000002,205.5,407.0,770.5,987.0,0.0,293.0,793.0,4.748502994011976,28.590106672635926,0.0,0.0,0.0,1.0,2.0,0.0,53.0,147.0,0.8802395209580839,5.165691261326442,0.0,0.0,0.0,0.0,1.0,0.0,36.0,165.0,0.9880239520958084,4.694251834805998,0.0,0.0,0.0,0.0,0.0,0.0,7.0,0.38922155688622756,1.250784329358441,0.0,0.0,0.0,0.0,1.4000000000000057
2022-01-20,stars,156_3year,sml,agpl-3.0,2,2.0,2.0,2.0,2.0,2.0,0.0,368.0,505.0,873.0,436.5,96.87362902255701,381.7,402.25,436.5,470.75,491.3,219.0,966.0,592.5,528.208765546351,293.7,405.75,592.5,779.25,891.3,104.0,373.0,238.5,190.21172413918129,130.9,171.25,238.5,305.75,346.1,1.0,8.0,9.0,4.5,4.949747468305833,1.7000000000000002,2.75,4.5,6.25,7.3,0.0,1.0,1.0,0.5,0.7071067811865476,0.1,0.25,0.5,0.75,0.9,0.0,0.0,0.0,0.0,0.0,0.0,0.0,0.0,0.0,0.0,0.0,0.0,0.0,0.0,0.0,0.0,0.0,0.0,0.0
2022-01-20,stars,156_3year,sml,apache-2.0,1,1.0,1.0,1.0,1.0,1.0,0.0,131.0,131.0,131.0,131.0,,131.0,131.0,131.0,131.0,131.0,462.0,462.0,462.0,,462.0,462.0,462.0,462.0,462.0,385.0,385.0,385.0,,385.0,385.0,385.0,385.0,385.0,0.0,0.0,0.0,0.0,,0.0,0.0,0.0,0.0,0.0,0.0,0.0,0.0,0.0,,0.0,0.0,0.0,0.0,0.0,0.0,0.0,0.0,0.0,,0.0,0.0,0.0,0.0,0.0,1.0,1.0,1.0,,1.0,1.0,1.0,1.0,1.0
2022-01-20,stars,156_3year,sml,bsd-2-clause,5,5.0,5.0,5.0,5.0,5.0,0.0,13.0,19100.0,20546.0,4109.2,8394.566022135987,35.8,70.0,153.0,1210.0,11944.000000000002,723.0,2154.0,1495.4,583.9848456937902,952.6,1297.0,1301.0,2002.0,2093.2,141.0,967.0,438.6,315.7994616841517,193.0,271.0,384.0,430.0,752.2,0.0,148.0,160.0,32.0,64.91918052471088,0.0,0.0,5.0,7.0,91.60000000000002,0.0,7.0,7.0,1.4,3.1304951684997055,0.0,0.0,0.0,0.0,4.200000000000001,0.0,39.0,39.0,7.8,17.44133022449836,0.0,0.0,0.0,0.0,23.400000000000006,0.0,5.0,1.6,2.3021728866442674,0.0,0.0,0.0,3.0,4.2
2022-01-20,stars,156_3year,sml,bsd-3-clause,4,4.0,4.0,4.0,3.0,3.0,0.0,11.0,95754.0,96628.0,24157.0,47732.01733986668,77.9,178.25,431.5,24410.25,67216.50000000001,729.0,3292.0,1714.5,1160.8406436716455,800.4,907.5,1418.5,2225.5,2865.4,10.0,194.0,93.0,88.55130339714562,15.4,23.5,84.0,153.5,177.8,0.0,12.0,19.0,4.75,5.852349955359813,0.0,0.0,3.5,8.25,10.5,0.0,3.0,5.0,1.25,1.4999999999999998,0.0,0.0,1.0,2.25,2.7,0.0,0.0,0.0,0.0,0.0,0.0,0.0,0.0,0.0,0.0,0.0,6.0,1.5,3.0,0.0,0.0,0.0,1.5,4.200000000000001
2022-01-20,stars,156_3year,sml,cc-by-sa-4.0,1,1.0,1.0,1.0,0.0,0.0,1.0,545.0,545.0,545.0,545.0,,545.0,545.0,545.0,545.0,545.0,992.0,992.0,992.0,,992.0,992.0,992.0,992.0,992.0,922.0,922.0,922.0,,922.0,922.0,922.0,922.0,922.0,0.0,0.0,0.0,0.0,,0.0,0.0,0.0,0.0,0.0,0.0,0.0,0.0,0.0,,0.0,0.0,0.0,0.0,0.0,0.0,0.0,0.0,0.0,,0.0,0.0,0.0,0.0,0.0,10.0,10.0,10.0,,10.0,10.0,10.0,10.0,10.0
2022-01-20,stars,156_3year,sml,cc0-1.0,1,1.0,1.0,1.0,1.0,1.0,0.0,2063.0,2063.0,2063.0,2063.0,,2063.0,2063.0,2063.0,2063.0,2063.0,246.0,246.0,246.0,,246.0,246.0,246.0,246.0,246.0,243.0,243.0,243.0,,243.0,243.0,243.0,243.0,243.0,1.0,1.0,1.0,1.0,,1.0,1.0,1.0,1.0,1.0,0.0,0.0,0.0,0.0,,0.0,0.0,0.0,0.0,0.0,0.0,0.0,0.0,0.0,,0.0,0.0,0.0,0.0,0.0,5.0,5.0,5.0,,5.0,5.0,5.0,5.0,5.0
2022-01-20,stars,156_3year,sml,gpl-2.0,2,2.0,2.0,2.0,1.0,1.0,0.0,87068.0,224139.0,311207.0,155603.5,96923.83360402126,100775.1,121335.75,155603.5,189871.25,210431.9,106.0,4595.0,2350.5,3174.2023407464117,554.9000000000001,1228.25,2350.5,3472.75,4146.1,3.0,73.0,38.0,49.49747468305833,10.0,20.5,38.0,55.5,66.0,0.0,1370.0,1370.0,685.0,968.7362902255701,137.0,342.5,685.0,1027.5,1233.0,0.0,412.0,412.0,206.0,291.3279938488576,41.2,103.0,206.0,309.0,370.8,0.0,194.0,194.0,97.0,137.17871555019022,19.400000000000002,48.5,97.0,145.5,174.6,0.0,9.0,4.5,6.363961030678928,0.9,2.25,4.5,6.75,8.1
2022-01-20,stars,156_3year,sml,gpl-3.0,13,13.0,13.0,13.0,13.0,13.0,0.0,16.0,74325.0,160042.0,12310.923076923076,21403.613411686423,21.0,43.0,1014.0,20693.0,29854.40000000001,255.0,2041.0,839.7692307692307,529.9192004205537,353.6,396.0,806.0,1057.0,1457.8000000000002,35.0,1033.0,342.0,297.0698571043518,68.4,94.0,302.0,365.0,744.0000000000002,0.0,8.0,13.0,1.0,2.3804761428476167,0.0,0.0,0.0,0.0,3.400000000000002,0.0,1.0,3.0,0.23076923076923078,0.4385290096535146,0.0,0.0,0.0,0.0,1.0,0.0,829.0,835.0,64.23076923076923,229.7887268217459,0.0,0.0,0.0,0.0,4.200000000000003,0.0,4.0,0.5384615384615384,1.3301243435223526,0.0,0.0,0.0,0.0,2.400000000000002
2022-01-20,stars,156_3year,sml,isc,1,1.0,1.0,1.0,1.0,1.0,0.0,58.0,58.0,58.0,58.0,,58.0,58.0,58.0,58.0,58.0,2203.0,2203.0,2203.0,,2203.0,2203.0,2203.0,2203.0,2203.0,521.0,521.0,521.0,,521.0,521.0,521.0,521.0,521.0,1.0,1.0,1.0,1.0,,1.0,1.0,1.0,1.0,1.0,0.0,0.0,0.0,0.0,,0.0,0.0,0.0,0.0,0.0,1.0,1.0,1.0,1.0,,1.0,1.0,1.0,1.0,1.0,0.0,0.0,0.0,,0.0,0.0,0.0,0.0,0.0
2022-01-20,stars,156_3year,sml,mit,33,33.0,33.0,33.0,30.0,30.0,0.0,3.0,67496.0,303389.0,9193.60606060606,18642.286819787216,7.2,15.0,94.0,4761.0,37056.600000000006,28.0,3741.0,786.8787878787879,648.5935147289748,243.2,503.0,655.0,971.0,1152.8,8.0,1086.0,463.1515151515151,320.16412990177014,25.6,246.0,371.0,745.0,903.8000000000001,0.0,135.0,230.0,6.96969696969697,25.10911792616983,0.0,0.0,0.0,2.0,4.0,0.0,12.0,28.0,0.8484848484848485,2.1954670932573226,0.0,0.0,0.0,1.0,2.0,0.0,15.0,22.0,0.6666666666666666,2.7233557730613653,0.0,0.0,0.0,0.0,0.8000000000000007,0.0,19.0,2.3333333333333335,4.158324983291549,0.0,0.0,1.0,3.0,4.800000000000001
2022-01-20,stars,156_3year,sml,other,7,7.0,7.0,7.0,7.0,7.0,0.0,6.0,70172.0,115042.0,16434.571428571428,28574.687200720982,41.400000000000006,70.5,124.0,22299.5,53970.20000000001,361.0,2290.0,1375.857142857143,757.9132379042314,385.0,925.5,1464.0,1832.5,2205.4,16.0,374.0,174.42857142857142,163.9754627404734,26.8,36.0,94.0,332.5,366.2,0.0,100.0,124.0,17.714285714285715,37.173979635018384,0.0,0.0,0.0,12.0,53.20000000000003,0.0,6.0,11.0,1.5714285714285714,2.439750182371333,0.0,0.0,0.0,2.5,4.800000000000001,0.0,10.0,13.0,1.8571428571428572,3.7606990231680526,0.0,0.0,0.0,1.5,5.8000000000000025,0.0,5.0,0.7142857142857143,1.8898223650461359,0.0,0.0,0.0,0.0,2.0000000000000018
2022-01-20,stars,156_3year,tla,,28,0.0,27.0,28.0,26.0,27.0,1.0,2.0,1086187.0,1189792.0,42492.57142857143,204799.88263459248,7.7,10.75,114.0,2054.0,13407.60000000001,73.0,2263.0,761.5714285714286,522.5146766374962,175.8,396.5,671.0,1026.75,1207.1000000000004,55.0,1070.0,562.6071428571429,302.9263862766753,143.4,341.25,612.0,782.0,928.9000000000001,0.0,632.0,701.0,25.035714285714285,119.12722179898671,0.0,0.0,0.0,1.0,14.600000000000001,0.0,75.0,85.0,3.0357142857142856,14.125055602269171,0.0,0.0,0.0,0.25,2.0,0.0,1.0,3.0,0.10714285714285714,0.314970394174356,0.0,0.0,0.0,0.0,0.3000000000000007,0.0,8.0,1.3928571428571428,2.2334044054078603,0.0,0.0,0.0,3.0,4.300000000000001
2022-01-20,stars,156_3year,tla,apache-2.0,3,3.0,3.0,3.0,3.0,3.0,0.0,24.0,3557.0,5668.0,1889.3333333333333,1774.775009214783,436.6,1055.5,2087.0,2822.0,3263.0,363.0,707.0,549.0,173.70089234082823,405.8,470.0,577.0,642.0,681.0,114.0,577.0,314.6666666666667,237.5801619103189,141.8,183.5,253.0,415.0,512.2,2.0,15.0,28.0,9.333333333333334,6.658328118479393,3.8,6.5,11.0,13.0,14.2,0.0,1.0,1.0,0.3333333333333333,0.5773502691896258,0.0,0.0,0.0,0.5,0.8,0.0,0.0,0.0,0.0,0.0,0.0,0.0,0.0,0.0,0.0,0.0,3.0,1.0,1.7320508075688772,0.0,0.0,0.0,1.5,2.4000000000000004
2022-01-20,stars,156_3year,tla,gpl-3.0,1,1.0,1.0,1.0,1.0,1.0,0.0,260.0,260.0,260.0,260.0,,260.0,260.0,260.0,260.0,260.0,359.0,359.0,359.0,,359.0,359.0,359.0,359.0,359.0,359.0,359.0,359.0,,359.0,359.0,359.0,359.0,359.0,0.0,0.0,0.0,0.0,,0.0,0.0,0.0,0.0,0.0,0.0,0.0,0.0,0.0,,0.0,0.0,0.0,0.0,0.0,0.0,0.0,0.0,0.0,,0.0,0.0,0.0,0.0,0.0,0.0,0.0,0.0,,0.0,0.0,0.0,0.0,0.0
2022-01-20,stars,156_3year,tla,mit,14,14.0,14.0,14.0,13.0,13.0,0.0,10.0,55718.0,100379.0,7169.928571428572,15012.316822500145,29.8,105.25,1782.5,5340.75,16437.900000000016,24.0,1084.0,615.4285714285714,315.6148369052464,255.0,382.5,644.0,883.0,953.6,4.0,897.0,330.42857142857144,289.0096389890334,26.5,78.0,274.0,453.75,770.4000000000002,0.0,164.0,280.0,20.0,42.62898977492628,0.0,0.25,5.5,17.5,27.700000000000003,0.0,22.0,41.0,2.9285714285714284,5.915615394403654,0.0,0.0,1.0,2.0,6.800000000000004,0.0,9.0,16.0,1.1428571428571428,2.5071326821120348,0.0,0.0,0.0,1.0,3.100000000000003,0.0,6.0,1.7857142857142858,2.044827298653527,0.0,0.0,1.0,3.0,4.0
2022-01-20,stars,156_3year,tla,other,1,1.0,1.0,1.0,1.0,1.0,0.0,22132.0,22132.0,22132.0,22132.0,,22132.0,22132.0,22132.0,22132.0,22132.0,1822.0,1822.0,1822.0,,1822.0,1822.0,1822.0,1822.0,1822.0,7.0,7.0,7.0,,7.0,7.0,7.0,7.0,7.0,7.0,7.0,7.0,7.0,,7.0,7.0,7.0,7.0,7.0,3.0,3.0,3.0,3.0,,3.0,3.0,3.0,3.0,3.0,3.0,3.0,3.0,3.0,,3.0,3.0,3.0,3.0,3.0,0.0,0.0,0.0,,0.0,0.0,0.0,0.0,0.0
2022-01-20,stars,alltime,ada,,284,0.0,273.0,284.0,268.0,282.0,2.0,0.0,197812.0,1622623.0,5713.461267605634,23740.273295613883,4.0,31.75,221.0,1211.0,6640.900000000003,6.0,3816.0,1433.7676056338028,1006.933834927679,291.9,639.75,1168.5,2288.75,3060.1000000000004,1.0,3586.0,1207.411971830986,928.881079235372,189.6,405.25,993.0,1737.0,2559.4,0.0,232.0,462.0,1.6267605633802817,13.925398995079075,0.0,0.0,0.0,1.0,2.0,0.0,43.0,115.0,0.40492957746478875,2.6877770042741855,0.0,0.0,0.0,0.0,1.0,0.0,41.0,59.0,0.20774647887323944,2.4687037254214657,0.0,0.0,0.0,0.0,0.0,0.0,16.0,0.3767605633802817,1.6757326541943525,0.0,0.0,0.0,0.0,0.0
2022-01-20,stars,alltime,ada,agpl-3.0,2,2.0,2.0,2.0,1.0,2.0,0.0,4317.0,24152.0,28469.0,14234.5,14025.46300483517,6300.5,9275.75,14234.5,19193.25,22168.5,1443.0,2105.0,1774.0,468.10468914549443,1509.2,1608.5,1774.0,1939.5,2038.8,1.0,790.0,395.5,557.907250356186,79.9,198.25,395.5,592.75,711.1,4.0,73.0,77.0,38.5,48.79036790187178,10.9,21.25,38.5,55.75,66.1,0.0,3.0,3.0,1.5,2.1213203435596424,0.30000000000000004,0.75,1.5,2.25,2.7,0.0,169.0,169.0,84.5,119.50104602052653,16.900000000000002,42.25,84.5,126.75,152.1,0.0,7.0,3.5,4.949747468305833,0.7000000000000001,1.75,3.5,5.25,6.3
2022-01-20,stars,alltime,ada,apache-2.0,12,12.0,12.0,12.0,9.0,9.0,0.0,5.0,11603.0,20743.0,1728.5833333333333,3455.477508334566,16.5,27.75,228.0,1082.5,4984.600000000001,8.0,2560.0,1167.25,970.505315895703,204.7,259.75,1135.5,2073.25,2531.8,6.0,1913.0,293.25,534.9724079545854,18.1,19.0,98.5,283.75,459.7,0.0,64.0,141.0,11.75,18.261360100695477,0.0,0.75,3.5,16.25,22.400000000000002,0.0,7.0,13.0,1.0833333333333333,2.0207259421636903,0.0,0.0,0.0,1.25,2.0,0.0,2.0,6.0,0.5,0.674199862463242,0.0,0.0,0.0,1.0,1.0,0.0,11.0,4.083333333333333,3.7040109300185615,0.0,0.0,4.5,6.25,7.9
2022-01-20,stars,alltime,ada,bsd-2-clause,2,2.0,2.0,2.0,2.0,2.0,0.0,8.0,106.0,114.0,57.0,69.29646455628166,17.8,32.5,57.0,81.5,96.2,1094.0,1715.0,1404.5,439.11331111684603,1156.1,1249.25,1404.5,1559.75,1652.9,948.0,1702.0,1325.0,533.1585130146568,1023.4,1136.5,1325.0,1513.5,1626.6,0.0,0.0,0.0,0.0,0.0,0.0,0.0,0.0,0.0,0.0,0.0,0.0,0.0,0.0,0.0,0.0,0.0,0.0,0.0,0.0,0.0,0.0,0.0,0.0,0.0,0.0,0.0,0.0,0.0,0.0,0.0,0.0,0.0,0.0,0.0,0.0,0.0,0.0,0.0
2022-01-20,stars,alltime,ada,bsd-3-clause,18,18.0,18.0,18.0,17.0,18.0,0.0,3.0,19083.0,54233.0,3012.9444444444443,6175.656597358433,4.0,21.0,67.0,2141.25,12003.000000000007,124.0,2493.0,1243.388888888889,757.4748404976419,340.80000000000007,732.0,1163.0,1735.5,2316.1,51.0,2096.0,842.2222222222222,671.3105317700293,89.5,211.5,785.5,1337.75,1755.8,0.0,186.0,301.0,16.72222222222222,45.53577204734441,0.0,0.0,1.0,2.0,36.70000000000003,0.0,122.0,147.0,8.166666666666666,28.638209769877893,0.0,0.0,0.0,1.75,8.000000000000007,0.0,12.0,16.0,0.8888888888888888,2.8468535549618093,0.0,0.0,0.0,0.0,2.0,0.0,17.0,0.9444444444444444,4.006938426723768,0.0,0.0,0.0,0.0,0.0
2022-01-20,stars,alltime,ada,cc0-1.0,1,1.0,1.0,1.0,1.0,1.0,0.0,62.0,62.0,62.0,62.0,,62.0,62.0,62.0,62.0,62.0,130.0,130.0,130.0,,130.0,130.0,130.0,130.0,130.0,5.0,5.0,5.0,,5.0,5.0,5.0,5.0,5.0,0.0,0.0,0.0,0.0,,0.0,0.0,0.0,0.0,0.0,0.0,0.0,0.0,0.0,,0.0,0.0,0.0,0.0,0.0,0.0,0.0,0.0,0.0,,0.0,0.0,0.0,0.0,0.0,0.0,0.0,0.0,,0.0,0.0,0.0,0.0,0.0
2022-01-20,stars,alltime,ada,gpl-2.0,18,18.0,16.0,18.0,18.0,18.0,2.0,13.0,25876.0,38793.0,2155.1666666666665,6214.931197858722,39.400000000000006,75.25,102.0,506.75,3685.3000000000047,81.0,3770.0,2386.222222222222,1276.879908469702,672.3000000000001,1450.75,2622.0,3715.5,3765.0,6.0,4054.0,2001.0,1607.3634970860528,69.60000000000001,334.25,1804.5,3735.25,3766.5,0.0,13.0,58.0,3.2222222222222223,4.037406790846229,0.0,1.0,1.5,4.25,10.0,0.0,4.0,11.0,0.6111111111111112,1.243282604232412,0.0,0.0,0.0,0.0,2.3000000000000007,0.0,3.0,5.0,0.2777777777777778,0.7519039015221181,0.0,0.0,0.0,0.0,1.0,0.0,6.0,0.4444444444444444,1.4641689962819189,0.0,0.0,0.0,0.0,0.6000000000000014
2022-01-20,stars,alltime,ada,gpl-3.0,44,44.0,42.0,44.0,42.0,44.0,1.0,18.0,63875.0,222472.0,5056.181818181818,12454.746475947506,38.4,86.0,754.5,4792.25,7811.5,3.0,2174.0,1203.2954545454545,637.8886896974852,313.3,776.75,1204.0,1724.25,2086.0,1.0,2053.0,648.6136363636364,590.0296096594149,5.999999999999998,61.75,648.0,1080.5,1415.8000000000002,0.0,138.0,460.0,10.454545454545455,29.37128367027472,0.0,0.0,1.0,2.25,17.80000000000001,0.0,40.0,110.0,2.5,7.134912525335265,0.0,0.0,0.0,1.0,6.800000000000011,0.0,137.0,178.0,4.045454545454546,20.81921579455411,0.0,0.0,0.0,0.0,1.0,0.0,11.0,1.6590909090909092,2.8525238259460433,0.0,0.0,0.0,3.25,6.0
2022-01-20,stars,alltime,ada,isc,8,8.0,8.0,8.0,6.0,8.0,1.0,103.0,169780.0,182258.0,22782.25,59434.20968660582,173.0,738.5,1180.5,3293.5,55661.799999999974,6.0,2594.0,1878.125,834.1691225405074,1053.9,1720.5,2195.0,2320.25,2505.8,2.0,2135.0,734.25,904.9662582502335,4.800000000000001,74.25,177.5,1571.25,1883.6999999999998,0.0,230.0,311.0,38.875,78.0191139584214,0.0,4.5,9.5,27.5,89.29999999999995,0.0,13.0,18.0,2.25,4.432026302139591,0.0,0.0,0.5,2.0,5.299999999999998,0.0,27.0,29.0,3.625,9.470819846846869,0.0,0.0,0.0,0.5,9.499999999999996,0.0,0.0,0.0,0.0,0.0,0.0,0.0,0.0,0.0
2022-01-20,stars,alltime,ada,lgpl-2.1,1,1.0,1.0,1.0,1.0,1.0,0.0,3406.0,3406.0,3406.0,3406.0,,3406.0,3406.0,3406.0,3406.0,3406.0,2258.0,2258.0,2258.0,,2258.0,2258.0,2258.0,2258.0,2258.0,1.0,1.0,1.0,,1.0,1.0,1.0,1.0,1.0,6.0,6.0,6.0,6.0,,6.0,6.0,6.0,6.0,6.0,4.0,4.0,4.0,4.0,,4.0,4.0,4.0,4.0,4.0,0.0,0.0,0.0,0.0,,0.0,0.0,0.0,0.0,0.0,0.0,0.0,0.0,,0.0,0.0,0.0,0.0,0.0
2022-01-20,stars,alltime,ada,lgpl-3.0,2,2.0,2.0,2.0,2.0,2.0,0.0,192.0,250.0,442.0,221.0,41.012193308819754,197.8,206.5,221.0,235.5,244.2,1333.0,2974.0,2153.5,1160.3622279271244,1497.1,1743.25,2153.5,2563.75,2809.9,226.0,2974.0,1600.0,1943.1294347006326,500.8,913.0,1600.0,2287.0,2699.2,0.0,1.0,1.0,0.5,0.7071067811865476,0.1,0.25,0.5,0.75,0.9,0.0,2.0,2.0,1.0,1.4142135623730951,0.2,0.5,1.0,1.5,1.8,0.0,1.0,1.0,0.5,0.7071067811865476,0.1,0.25,0.5,0.75,0.9,0.0,0.0,0.0,0.0,0.0,0.0,0.0,0.0,0.0
2022-01-20,stars,alltime,ada,mit,31,31.0,30.0,31.0,27.0,27.0,4.0,4.0,153084.0,238823.0,7703.967741935484,27578.987312183734,9.0,19.5,287.0,3865.0,11320.0,45.0,3703.0,1293.3225806451612,888.5261349409584,234.0,717.0,1206.0,1594.0,2281.0,1.0,3703.0,907.741935483871,778.441304477177,64.0,325.5,811.0,1369.0,1689.0,0.0,76.0,142.0,4.580645161290323,14.01849776437877,0.0,0.0,1.0,2.0,5.0,0.0,15.0,29.0,0.9354838709677419,2.9992830684567244,0.0,0.0,0.0,0.0,1.0,0.0,1.0,2.0,0.06451612903225806,0.24973103811470745,0.0,0.0,0.0,0.0,0.0,0.0,12.0,1.7096774193548387,3.0132324657206784,0.0,0.0,0.0,3.0,6.0
2022-01-20,stars,alltime,ada,other,18,18.0,17.0,18.0,14.0,17.0,2.0,28.0,66289.0,133940.0,7441.111111111111,16517.143001382068,109.10000000000001,210.25,333.5,5184.5,18370.900000000012,148.0,3852.0,1937.0555555555557,1060.5291948846173,700.6,1046.25,2151.5,2542.25,3121.3000000000006,1.0,3804.0,1146.388888888889,1003.8358278528644,10.200000000000001,195.25,1172.0,1680.0,2034.7,0.0,81.0,273.0,15.166666666666666,23.575286162569878,0.0,0.0,1.5,23.5,49.5,0.0,19.0,53.0,2.9444444444444446,4.976086605807492,0.0,0.0,1.0,3.75,9.0,0.0,6.0,13.0,0.7222222222222222,1.7423971167384034,0.0,0.0,0.0,0.0,3.3000000000000007,0.0,7.0,0.8333333333333334,2.0364328674251486,0.0,0.0,0.0,0.0,3.6000000000000014
2022-01-20,stars,alltime,ada,unlicense,3,3.0,3.0,3.0,3.0,3.0,0.0,31.0,860.0,922.0,307.3333333333333,478.6233731581998,31.0,31.0,31.0,445.5,694.2,451.0,1812.0,1146.6666666666667,681.006852633168,596.2,814.0,1177.0,1494.5,1685.0,429.0,1812.0,1107.6666666666667,691.8571625222459,559.6,755.5,1082.0,1447.0,1666.0,0.0,1.0,1.0,0.3333333333333333,0.5773502691896258,0.0,0.0,0.0,0.5,0.8,0.0,0.0,0.0,0.0,0.0,0.0,0.0,0.0,0.0,0.0,0.0,0.0,0.0,0.0,0.0,0.0,0.0,0.0,0.0,0.0,0.0,0.0,0.0,0.0,0.0,0.0,0.0,0.0,0.0
2022-01-20,stars,alltime,agda,,143,0.0,139.0,143.0,139.0,140.0,5.0,0.0,95321.0,265875.0,1859.2657342657342,8821.236613631712,6.200000000000001,17.5,91.0,374.5,2589.999999999999,2.0,3288.0,1462.8181818181818,887.5646426477123,238.2,642.0,1403.0,2179.5,2608.2,1.0,2838.0,1164.7692307692307,821.5757591729881,96.60000000000002,442.5,1110.0,1781.5,2382.0,0.0,227.0,979.0,6.846153846153846,21.54174057999031,0.0,0.0,1.0,5.0,18.599999999999994,0.0,25.0,97.0,0.6783216783216783,2.3183329325045605,0.0,0.0,0.0,1.0,2.0,0.0,14.0,45.0,0.3146853146853147,1.540164525780595,0.0,0.0,0.0,0.0,0.7999999999999972,0.0,5.0,0.2727272727272727,1.022161601993045,0.0,0.0,0.0,0.0,0.0
2022-01-20,stars,alltime,agda,0bsd,1,1.0,1.0,1.0,1.0,1.0,0.0,9.0,9.0,9.0,9.0,,9.0,9.0,9.0,9.0,9.0,93.0,93.0,93.0,,93.0,93.0,93.0,93.0,93.0,92.0,92.0,92.0,,92.0,92.0,92.0,92.0,92.0,0.0,0.0,0.0,0.0,,0.0,0.0,0.0,0.0,0.0,0.0,0.0,0.0,0.0,,0.0,0.0,0.0,0.0,0.0,0.0,0.0,0.0,0.0,,0.0,0.0,0.0,0.0,0.0,0.0,0.0,0.0,,0.0,0.0,0.0,0.0,0.0
2022-01-20,stars,alltime,agda,apache-2.0,2,2.0,2.0,2.0,2.0,2.0,0.0,6.0,469.0,475.0,237.5,327.3904396893715,52.300000000000004,121.75,237.5,353.25,422.7,1025.0,2240.0,1632.5,859.1347391416552,1146.5,1328.75,1632.5,1936.25,2118.5,131.0,2240.0,1185.5,1491.2882015224288,341.9,658.25,1185.5,1712.75,2029.1000000000001,1.0,1.0,2.0,1.0,0.0,1.0,1.0,1.0,1.0,1.0,0.0,0.0,0.0,0.0,0.0,0.0,0.0,0.0,0.0,0.0,0.0,0.0,0.0,0.0,0.0,0.0,0.0,0.0,0.0,0.0,0.0,0.0,0.0,0.0,0.0,0.0,0.0,0.0,0.0
2022-01-20,stars,alltime,agda,bsd-2-clause,2,2.0,2.0,2.0,2.0,2.0,0.0,7.0,136.0,143.0,71.5,91.21677477306463,19.9,39.25,71.5,103.75,123.10000000000001,2083.0,2626.0,2354.5,383.9589821842953,2137.3,2218.75,2354.5,2490.25,2571.7,2080.0,2626.0,2353.0,386.08030252785494,2134.6,2216.5,2353.0,2489.5,2571.4,0.0,0.0,0.0,0.0,0.0,0.0,0.0,0.0,0.0,0.0,0.0,0.0,0.0,0.0,0.0,0.0,0.0,0.0,0.0,0.0,0.0,0.0,0.0,0.0,0.0,0.0,0.0,0.0,0.0,0.0,0.0,0.0,0.0,0.0,0.0,0.0,0.0,0.0,0.0
2022-01-20,stars,alltime,agda,bsd-3-clause,4,4.0,4.0,4.0,4.0,4.0,0.0,5.0,203.0,415.0,103.75,111.74785605698811,6.2,8.0,103.5,199.25,201.5,253.0,2880.0,1590.75,1461.2057521102222,297.1,363.25,1615.0,2842.5,2865.0,238.0,2877.0,1585.5,1464.0652307872078,286.6,359.5,1613.5,2839.5,2862.0,0.0,2.0,4.0,1.0,1.1547005383792515,0.0,0.0,1.0,2.0,2.0,0.0,4.0,6.0,1.5,1.9148542155126762,0.0,0.0,1.0,2.5,3.4000000000000004,0.0,0.0,0.0,0.0,0.0,0.0,0.0,0.0,0.0,0.0,0.0,0.0,0.0,0.0,0.0,0.0,0.0,0.0,0.0
2022-01-20,stars,alltime,agda,cc-by-sa-4.0,1,1.0,1.0,1.0,1.0,1.0,0.0,124.0,124.0,124.0,124.0,,124.0,124.0,124.0,124.0,124.0,245.0,245.0,245.0,,245.0,245.0,245.0,245.0,245.0,233.0,233.0,233.0,,233.0,233.0,233.0,233.0,233.0,1.0,1.0,1.0,1.0,,1.0,1.0,1.0,1.0,1.0,1.0,1.0,1.0,1.0,,1.0,1.0,1.0,1.0,1.0,0.0,0.0,0.0,0.0,,0.0,0.0,0.0,0.0,0.0,0.0,0.0,0.0,,0.0,0.0,0.0,0.0,0.0
2022-01-20,stars,alltime,agda,cc0-1.0,3,3.0,3.0,3.0,3.0,3.0,0.0,21.0,39.0,97.0,32.333333333333336,9.865765724632494,24.2,29.0,37.0,38.0,38.6,14.0,314.0,145.66666666666666,153.324275094759,33.0,61.5,109.0,211.5,273.0,0.0,272.0,118.0,139.52777501271925,16.400000000000002,41.0,82.0,177.0,234.0,0.0,5.0,8.0,2.6666666666666665,2.5166114784235836,0.6000000000000001,1.5,3.0,4.0,4.6,0.0,0.0,0.0,0.0,0.0,0.0,0.0,0.0,0.0,0.0,0.0,0.0,0.0,0.0,0.0,0.0,0.0,0.0,0.0,0.0,0.0,0.0,0.0,0.0,0.0,0.0,0.0,0.0,0.0
2022-01-20,stars,alltime,agda,gpl-3.0,10,10.0,10.0,10.0,10.0,10.0,2.0,15.0,23175.0,49112.0,4911.2,7606.782935132448,17.7,34.25,551.5,7843.75,12281.399999999996,553.0,2053.0,1119.8,546.1602939308813,590.8,730.0,853.0,1583.75,1785.6999999999998,2.0,856.0,520.8,317.9328370723743,11.9,344.25,613.0,728.75,842.5,0.0,87.0,195.0,19.5,31.889566388467003,0.0,0.0,1.5,25.25,68.1,0.0,15.0,24.0,2.4,4.926120853842978,0.0,0.0,0.0,1.0,7.799999999999997,0.0,4.0,7.0,0.7,1.3374935098492586,0.0,0.0,0.0,0.75,2.1999999999999993,0.0,11.0,2.3,4.056544780420347,0.0,0.0,0.0,3.0,8.299999999999999
2022-01-20,stars,alltime,agda,mit,25,25.0,25.0,25.0,24.0,24.0,1.0,0.0,12645.0,30606.0,1224.24,3116.3655417810023,4.400000000000002,13.0,46.0,283.0,2585.8000000000025,119.0,3893.0,1306.04,892.7757967896159,341.40000000000015,668.0,1200.0,1864.0,2260.8,15.0,2741.0,889.44,722.7635666892274,158.60000000000002,395.0,636.0,1208.0,1962.800000000001,0.0,128.0,222.0,8.88,25.818791606115113,0.0,0.0,1.0,5.0,13.800000000000018,0.0,4.0,8.0,0.32,0.8999999999999997,0.0,0.0,0.0,0.0,1.0,0.0,1.0,2.0,0.08,0.2768874620972691,0.0,0.0,0.0,0.0,0.0,0.0,6.0,0.96,1.9467922333931782,0.0,0.0,0.0,0.0,4.200000000000003
2022-01-20,stars,alltime,agda,other,3,3.0,3.0,3.0,3.0,3.0,1.0,32.0,35036.0,44405.0,14801.666666666666,18130.552675893072,1893.0,4684.5,9337.0,22186.5,29896.2,2027.0,4141.0,3414.0,1201.6442901291546,2436.4,3050.5,4074.0,4107.5,4127.6,1437.0,2066.0,1806.0,328.36108173777234,1532.6,1676.0,1915.0,1990.5,2035.8,6.0,309.0,344.0,114.66666666666667,168.6900510798824,10.600000000000001,17.5,29.0,169.0,253.0,0.0,34.0,40.0,13.333333333333334,18.14754345175493,1.2000000000000002,3.0,6.0,20.0,28.400000000000002,0.0,7.0,8.0,2.6666666666666665,3.7859388972001824,0.2,0.5,1.0,4.0,5.800000000000001,0.0,0.0,0.0,0.0,0.0,0.0,0.0,0.0,0.0
2022-01-20,stars,alltime,agda,unlicense,1,1.0,1.0,1.0,1.0,1.0,0.0,2718.0,2718.0,2718.0,2718.0,,2718.0,2718.0,2718.0,2718.0,2718.0,3747.0,3747.0,3747.0,,3747.0,3747.0,3747.0,3747.0,3747.0,1276.0,1276.0,1276.0,,1276.0,1276.0,1276.0,1276.0,1276.0,2.0,2.0,2.0,2.0,,2.0,2.0,2.0,2.0,2.0,0.0,0.0,0.0,0.0,,0.0,0.0,0.0,0.0,0.0,0.0,0.0,0.0,0.0,,0.0,0.0,0.0,0.0,0.0,0.0,0.0,0.0,,0.0,0.0,0.0,0.0,0.0
2022-01-20,stars,alltime,coq,,306,0.0,301.0,306.0,297.0,304.0,14.0,0.0,583509.0,1931124.0,6310.862745098039,43525.85376419871,7.5,22.25,138.0,729.0,4345.5,3.0,3789.0,1461.1960784313726,909.8685839810703,391.5,714.0,1276.0,2093.5,2800.5,1.0,3493.0,1147.359477124183,868.6289299197306,235.0,501.0,882.5,1678.75,2570.0,0.0,107.0,848.0,2.7712418300653594,9.04161361779288,0.0,0.0,0.0,2.0,5.5,0.0,55.0,198.0,0.6470588235294118,3.4895076231849886,0.0,0.0,0.0,0.0,1.0,0.0,20.0,77.0,0.25163398692810457,1.4137778514095425,0.0,0.0,0.0,0.0,0.0,0.0,7.0,0.5,1.4423341737795923,0.0,0.0,0.0,0.0,2.0
2022-01-20,stars,alltime,coq,apache-2.0,18,18.0,18.0,18.0,17.0,17.0,2.0,13.0,37964.0,109536.0,6085.333333333333,10582.885023081593,28.400000000000006,156.75,1190.0,5264.75,17573.30000000001,339.0,2308.0,1254.7777777777778,620.8032325904652,553.6,724.5,1362.0,1682.75,2077.8,19.0,2145.0,745.8333333333334,618.8807972271159,65.7,381.0,552.0,1300.25,1514.9,0.0,162.0,395.0,21.944444444444443,41.94600481883153,0.0,1.0,4.5,20.25,60.80000000000003,0.0,20.0,60.0,3.3333333333333335,5.122040034756372,0.0,0.0,1.5,3.75,9.3,0.0,37.0,115.0,6.388888888888889,11.847754261705111,0.0,0.0,0.0,7.5,22.400000000000013,0.0,20.0,3.6666666666666665,4.9467755392067385,0.0,0.0,3.0,5.0,7.300000000000001
2022-01-20,stars,alltime,coq,bsd-2-clause,7,7.0,7.0,7.0,7.0,7.0,1.0,11.0,2614.0,8235.0,1176.4285714285713,999.457328944539,100.4,405.0,1069.0,1865.5,2396.2000000000003,821.0,3438.0,2106.5714285714284,879.515180301598,1315.4,1700.5,1889.0,2598.5,3184.8,1.0,1737.0,715.7142857142857,676.086955523157,169.00000000000003,289.5,461.0,1116.0,1645.8,0.0,108.0,315.0,45.0,50.34216258101487,0.0,0.5,20.0,93.0,100.80000000000001,0.0,39.0,63.0,9.0,13.90443574307614,0.0,0.0,6.0,9.0,22.20000000000001,0.0,18.0,29.0,4.142857142857143,7.128079952520442,0.0,0.0,0.0,5.5,13.200000000000003,0.0,8.0,3.7142857142857144,3.3022358947782493,0.0,1.5,3.0,6.0,8.0
2022-01-20,stars,alltime,coq,bsd-3-clause,11,11.0,11.0,11.0,10.0,10.0,1.0,11.0,19840.0,24919.0,2265.3636363636365,5887.338027881994,18.0,35.5,152.0,872.0,2755.0,216.0,3087.0,2041.2727272727273,867.3573762768252,897.0,1640.5,2412.0,2574.5,2757.0,7.0,3079.0,1570.4545454545455,981.2522982022883,42.0,1080.5,1577.0,2291.0,2499.0,0.0,611.0,652.0,59.27272727272727,183.05905654137464,0.0,0.5,2.0,10.5,14.0,0.0,52.0,57.0,5.181818181818182,15.555180370655826,0.0,0.0,0.0,1.0,3.0,0.0,6.0,11.0,1.0,1.8439088914585775,0.0,0.0,0.0,1.5,2.0,0.0,13.0,2.0,4.0743097574926725,0.0,0.0,0.0,2.0,5.0
2022-01-20,stars,alltime,coq,gpl-3.0,20,20.0,20.0,20.0,19.0,19.0,1.0,15.0,20542.0,68954.0,3447.7,7017.176445956324,16.8,25.75,264.0,1186.5,18776.7,246.0,2643.0,1145.85,591.6997171396636,566.5,740.0,1014.5,1443.75,1863.6000000000004,1.0,2584.0,755.85,682.0845197666218,39.900000000000006,182.0,582.0,1026.25,1584.1000000000004,0.0,52.0,124.0,6.2,13.18132650460691,0.0,0.0,0.5,3.25,22.500000000000007,0.0,7.0,16.0,0.8,1.8524521444205841,0.0,0.0,0.0,1.0,1.4000000000000057,0.0,4.0,6.0,0.3,0.9787209698591857,0.0,0.0,0.0,0.0,0.20000000000000284,0.0,7.0,1.1,2.381949665825522,0.0,0.0,0.0,0.0,5.200000000000003
2022-01-20,stars,alltime,coq,lgpl-2.1,12,12.0,12.0,12.0,12.0,12.0,0.0,28.0,4368.0,9422.0,785.1666666666666,1456.361333369344,40.1,57.5,123.5,437.75,3048.2000000000007,386.0,2095.0,1730.3333333333333,540.5997230909951,1264.8,1439.25,2094.0,2094.25,2095.0,2.0,1408.0,527.5833333333334,404.12812062363076,20.800000000000008,295.0,459.0,775.0,775.0,0.0,55.0,126.0,10.5,20.024984394500784,0.0,0.75,1.0,6.5,46.70000000000002,0.0,6.0,13.0,1.0833333333333333,2.108783937953269,0.0,0.0,0.0,1.0,4.600000000000001,0.0,13.0,24.0,2.0,4.30644337539164,0.0,0.0,0.0,1.0,8.200000000000003,0.0,8.0,1.4166666666666667,2.906367096044424,0.0,0.0,0.0,0.5,6.500000000000002
2022-01-20,stars,alltime,coq,lgpl-3.0,6,6.0,6.0,6.0,6.0,6.0,0.0,13.0,31846.0,35910.0,5985.0,12690.973831822364,74.5,277.5,935.0,1825.75,16945.5,673.0,2460.0,1459.0,681.1322925834598,829.5,1054.25,1270.0,1891.5,2277.5,556.0,2460.0,1089.8333333333333,698.7764783295634,614.5,698.5,896.5,1047.25,1758.5,0.0,22.0,27.0,4.5,8.712060605849802,0.0,0.0,0.5,3.25,13.0,0.0,1.0,1.0,0.16666666666666666,0.408248290463863,0.0,0.0,0.0,0.0,0.5,0.0,0.0,0.0,0.0,0.0,0.0,0.0,0.0,0.0,0.0,0.0,6.0,1.6666666666666667,2.6583202716502514,0.0,0.0,0.0,3.0,5.0
2022-01-20,stars,alltime,coq,mit,73,73.0,71.0,73.0,70.0,72.0,12.0,2.0,137980.0,455634.0,6241.561643835616,18146.318198639805,7.0,32.0,361.0,3978.0,17450.59999999999,4.0,3227.0,1312.2465753424658,762.8461105335494,365.8,713.0,1171.0,1925.0,2447.7999999999997,1.0,2866.0,813.4657534246576,765.4907300801626,18.400000000000002,114.0,625.0,1375.0,1863.0,0.0,175.0,1023.0,14.013698630136986,34.43572642163503,0.0,0.0,1.0,8.0,30.599999999999994,0.0,40.0,209.0,2.863013698630137,6.9628280263704445,0.0,0.0,0.0,2.0,8.0,0.0,42.0,90.0,1.2328767123287672,5.4607705702309195,0.0,0.0,0.0,0.0,1.0,0.0,9.0,1.5205479452054795,2.4101036690536772,0.0,0.0,0.0,3.0,5.0
2022-01-20,stars,alltime,coq,mpl-2.0,3,3.0,3.0,3.0,3.0,2.0,1.0,54.0,984.0,1365.0,455.0,478.03033376554674,108.6,190.5,327.0,655.5,852.6,610.0,1799.0,1288.0,611.8390311184797,779.0,1032.5,1455.0,1627.0,1730.2,115.0,1712.0,660.0,911.2568243914556,122.6,134.0,153.0,932.5,1400.2,7.0,47.0,85.0,28.333333333333332,20.13289182738867,11.8,19.0,31.0,39.0,43.8,1.0,10.0,12.0,4.0,5.196152422706632,1.0,1.0,1.0,5.5,8.200000000000001,1.0,5.0,8.0,2.6666666666666665,2.0816659994661326,1.2,1.5,2.0,3.5,4.4,0.0,4.0,2.3333333333333335,2.0816659994661326,0.6000000000000001,1.5,3.0,3.5,3.8
2022-01-20,stars,alltime,coq,other,47,47.0,47.0,47.0,46.0,46.0,9.0,22.0,91059.0,272445.0,5796.702127659574,15279.813298305784,74.4,157.5,441.0,2607.5,15459.799999999994,337.0,3179.0,1595.872340425532,810.6900875990527,486.0,853.5,1620.0,2308.5,2573.6,1.0,2984.0,898.063829787234,837.0244764032037,28.200000000000003,165.0,710.0,1446.0,2257.4,0.0,211.0,761.0,16.19148936170213,39.47075874061286,0.0,1.0,3.0,10.5,22.599999999999994,0.0,31.0,149.0,3.1702127659574466,6.715715342570899,0.0,0.0,0.0,2.0,12.799999999999997,0.0,31.0,72.0,1.5319148936170213,4.722062297389302,0.0,0.0,0.0,1.0,3.3999999999999986,0.0,8.0,0.7021276595744681,1.8286951111204155,0.0,0.0,0.0,0.0,3.0
2022-01-20,stars,alltime,coq,unlicense,5,5.0,5.0,5.0,5.0,5.0,0.0,4.0,250.0,420.0,84.0,100.58578428386389,5.2,7.0,63.0,96.0,188.4,121.0,2670.0,1120.6,964.7488274157165,331.0,646.0,865.0,1301.0,2122.4,121.0,1198.0,756.2,420.8398745366223,321.4,622.0,782.0,1058.0,1142.0,0.0,3.0,3.0,0.6,1.3416407864998738,0.0,0.0,0.0,0.0,1.8000000000000003,0.0,0.0,0.0,0.0,0.0,0.0,0.0,0.0,0.0,0.0,0.0,0.0,0.0,0.0,0.0,0.0,0.0,0.0,0.0,0.0,0.0,0.0,0.0,0.0,0.0,0.0,0.0,0.0,0.0
2022-01-20,stars,alltime,idris,,78,0.0,77.0,78.0,77.0,77.0,0.0,0.0,66917.0,98811.0,1266.8076923076924,7901.019572638255,2.0,5.0,24.0,138.0,285.6999999999998,19.0,2983.0,1328.5128205128206,812.2257977845488,230.6,644.0,1311.5,1866.0,2478.6,15.0,2953.0,1159.7307692307693,795.7605309873837,104.10000000000001,374.5,1200.0,1647.75,2277.4,0.0,50.0,241.0,3.08974358974359,8.925646540568708,0.0,0.0,0.0,1.0,5.0,0.0,11.0,22.0,0.28205128205128205,1.3760232168971185,0.0,0.0,0.0,0.0,0.29999999999999716,0.0,9.0,13.0,0.16666666666666666,1.0740948066533298,0.0,0.0,0.0,0.0,0.0,0.0,3.0,0.1282051282051282,0.5431742768562362,0.0,0.0,0.0,0.0,0.0
2022-01-20,stars,alltime,idris,apache-2.0,9,9.0,9.0,9.0,8.0,8.0,1.0,5.0,520.0,975.0,108.33333333333333,163.49464823045432,5.8,9.0,64.0,129.0,224.00000000000006,97.0,1486.0,906.4444444444445,511.19446180272513,289.8,574.0,921.0,1291.0,1484.4,0.0,1484.0,798.2222222222222,576.1320980855384,60.800000000000004,338.0,921.0,1250.0,1484.0,0.0,32.0,55.0,6.111111111111111,11.118053386771944,0.0,0.0,1.0,3.0,20.000000000000004,0.0,3.0,3.0,0.3333333333333333,1.0,0.0,0.0,0.0,0.0,0.6000000000000005,0.0,30.0,32.0,3.5555555555555554,9.938701010583717,0.0,0.0,0.0,0.0,7.600000000000005,0.0,5.0,0.8888888888888888,1.8333333333333333,0.0,0.0,0.0,0.0,3.4000000000000004
2022-01-20,stars,alltime,idris,bsd-2-clause,2,2.0,2.0,2.0,2.0,2.0,0.0,5.0,463.0,468.0,234.0,323.85490578343877,50.800000000000004,119.5,234.0,348.5,417.2,452.0,2323.0,1387.5,1322.9967876000305,639.1,919.75,1387.5,1855.25,2135.9,8.0,1255.0,631.5,881.7621561396247,132.7,319.75,631.5,943.25,1130.3,24.0,61.0,85.0,42.5,26.16295090390226,27.7,33.25,42.5,51.75,57.3,7.0,9.0,16.0,8.0,1.4142135623730951,7.2,7.5,8.0,8.5,8.8,0.0,5.0,5.0,2.5,3.5355339059327378,0.5,1.25,2.5,3.75,4.5,0.0,0.0,0.0,0.0,0.0,0.0,0.0,0.0,0.0
2022-01-20,stars,alltime,idris,bsd-3-clause,7,7.0,7.0,7.0,6.0,6.0,0.0,16.0,212.0,579.0,82.71428571428571,74.5893519784924,24.400000000000002,30.5,34.0,128.0,168.8,1552.0,2985.0,2366.8571428571427,551.5014138910338,1674.4,2030.5,2341.0,2814.5,2891.4,1359.0,2817.0,2048.0,586.8617100021662,1420.8,1605.0,2075.0,2437.5,2806.8,0.0,170.0,215.0,30.714285714285715,62.678317052800864,0.0,0.0,5.0,20.0,89.00000000000006,0.0,26.0,30.0,4.285714285714286,9.63871163095784,0.0,0.0,0.0,2.0,12.200000000000008,0.0,1.0,2.0,0.2857142857142857,0.4879500364742666,0.0,0.0,0.0,0.5,1.0,0.0,4.0,0.5714285714285714,1.511857892036909,0.0,0.0,0.0,0.0,1.6000000000000014
2022-01-20,stars,alltime,idris,gpl-2.0,1,1.0,1.0,1.0,1.0,1.0,0.0,5529.0,5529.0,5529.0,5529.0,,5529.0,5529.0,5529.0,5529.0,5529.0,252.0,252.0,252.0,,252.0,252.0,252.0,252.0,252.0,3.0,3.0,3.0,,3.0,3.0,3.0,3.0,3.0,0.0,0.0,0.0,0.0,,0.0,0.0,0.0,0.0,0.0,0.0,0.0,0.0,0.0,,0.0,0.0,0.0,0.0,0.0,0.0,0.0,0.0,0.0,,0.0,0.0,0.0,0.0,0.0,0.0,0.0,0.0,,0.0,0.0,0.0,0.0,0.0
2022-01-20,stars,alltime,idris,gpl-3.0,6,6.0,6.0,6.0,6.0,6.0,0.0,25.0,344.0,715.0,119.16666666666667,121.61482913965166,27.5,33.25,85.0,141.25,245.0,199.0,2768.0,1320.0,1022.7846303108001,275.5,491.25,1212.5,2011.0,2472.0,198.0,1453.0,793.3333333333334,466.1320270767357,274.0,460.75,828.5,1042.5,1277.5,0.0,11.0,13.0,2.1666666666666665,4.355073669487885,0.0,0.0,0.5,1.0,6.0,0.0,2.0,2.0,0.3333333333333333,0.816496580927726,0.0,0.0,0.0,0.0,1.0,0.0,9.0,14.0,2.3333333333333335,3.8297084310253524,0.0,0.0,0.0,3.75,7.0,0.0,4.0,0.6666666666666666,1.632993161855452,0.0,0.0,0.0,0.0,2.0
2022-01-20,stars,alltime,idris,mit,27,27.0,27.0,27.0,26.0,27.0,2.0,2.0,624.0,3008.0,111.4074074074074,154.55500869350925,6.0,10.5,26.0,158.0,252.20000000000013,12.0,2959.0,1533.3333333333333,887.0700258543463,303.20000000000005,982.5,1621.0,2277.0,2674.8,9.0,2842.0,1331.2592592592594,826.4343052951402,122.2,873.0,1098.0,1954.5,2514.6000000000004,0.0,197.0,380.0,14.074074074074074,46.21099263655607,0.0,0.0,1.0,3.0,6.6000000000000085,0.0,11.0,25.0,0.9259259259259259,2.934226748171758,0.0,0.0,0.0,0.0,1.4000000000000021,0.0,8.0,15.0,0.5555555555555556,1.6946370914726467,0.0,0.0,0.0,0.0,1.0,0.0,12.0,1.0,2.8147960713126134,0.0,0.0,0.0,0.0,3.400000000000002
2022-01-20,stars,alltime,idris,mpl-2.0,1,1.0,1.0,1.0,1.0,1.0,0.0,20.0,20.0,20.0,20.0,,20.0,20.0,20.0,20.0,20.0,1288.0,1288.0,1288.0,,1288.0,1288.0,1288.0,1288.0,1288.0,1288.0,1288.0,1288.0,,1288.0,1288.0,1288.0,1288.0,1288.0,1.0,1.0,1.0,1.0,,1.0,1.0,1.0,1.0,1.0,0.0,0.0,0.0,0.0,,0.0,0.0,0.0,0.0,0.0,0.0,0.0,0.0,0.0,,0.0,0.0,0.0,0.0,0.0,0.0,0.0,0.0,,0.0,0.0,0.0,0.0,0.0
2022-01-20,stars,alltime,idris,other,6,6.0,6.0,6.0,6.0,6.0,0.0,11.0,732.0,1259.0,209.83333333333334,275.7908023605332,24.0,43.25,90.0,253.75,515.5,1369.0,2973.0,2043.5,573.9880660780327,1461.0,1657.5,2018.0,2263.75,2651.5,884.0,1751.0,1385.0,289.3772624101624,1096.0,1323.0,1421.0,1512.25,1638.0,0.0,188.0,221.0,36.833333333333336,74.20354888188749,2.5,5.0,7.0,12.75,101.0,0.0,14.0,14.0,2.3333333333333335,5.715476066494083,0.0,0.0,0.0,0.0,7.0,0.0,10.0,16.0,2.6666666666666665,3.9327683210007,0.0,0.0,1.0,3.5,7.0,0.0,3.0,0.5,1.224744871391589,0.0,0.0,0.0,0.0,1.5
2022-01-20,stars,alltime,idris,unlicense,4,4.0,4.0,4.0,4.0,4.0,0.0,4.0,152.0,179.0,44.75,71.84879957243545,4.0,4.0,11.5,52.25,112.10000000000002,1881.0,2619.0,2138.75,348.6893316406454,1881.0,1881.0,2027.5,2285.25,2485.5,1841.0,2611.0,2092.0,363.15836765796814,1841.0,1841.0,1958.0,2209.0,2450.2000000000003,0.0,3.0,6.0,1.5,1.7320508075688772,0.0,0.0,1.5,3.0,3.0,0.0,0.0,0.0,0.0,0.0,0.0,0.0,0.0,0.0,0.0,0.0,0.0,0.0,0.0,0.0,0.0,0.0,0.0,0.0,0.0,0.0,0.0,0.0,0.0,0.0,0.0,0.0,0.0,0.0
2022-01-20,stars,alltime,isabelle,,66,0.0,61.0,66.0,62.0,62.0,1.0,1.0,202530.0,471447.0,7143.136363636364,31953.133966379984,4.5,19.25,100.0,755.75,5955.5,37.0,2729.0,1138.621212121212,739.3230742770767,221.0,615.0,986.0,1672.5,2205.0,2.0,2670.0,968.9545454545455,712.3960962148078,90.0,302.0,920.0,1391.75,1978.5,0.0,9.0,44.0,0.6666666666666666,1.6392618726669295,0.0,0.0,0.0,1.0,1.5,0.0,6.0,28.0,0.42424242424242425,1.289729918782713,0.0,0.0,0.0,0.0,1.0,0.0,3.0,9.0,0.13636363636363635,0.4926026214478997,0.0,0.0,0.0,0.0,0.0,0.0,3.0,0.18181818181818182,0.6302402694233344,0.0,0.0,0.0,0.0,0.0
2022-01-20,stars,alltime,isabelle,afl-3.0,1,1.0,1.0,1.0,1.0,1.0,0.0,17945.0,17945.0,17945.0,17945.0,,17945.0,17945.0,17945.0,17945.0,17945.0,767.0,767.0,767.0,,767.0,767.0,767.0,767.0,767.0,764.0,764.0,764.0,,764.0,764.0,764.0,764.0,764.0,0.0,0.0,0.0,0.0,,0.0,0.0,0.0,0.0,0.0,0.0,0.0,0.0,0.0,,0.0,0.0,0.0,0.0,0.0,0.0,0.0,0.0,0.0,,0.0,0.0,0.0,0.0,0.0,6.0,6.0,6.0,,6.0,6.0,6.0,6.0,6.0
2022-01-20,stars,alltime,isabelle,apache-2.0,1,1.0,1.0,1.0,1.0,1.0,0.0,3661.0,3661.0,3661.0,3661.0,,3661.0,3661.0,3661.0,3661.0,3661.0,23.0,23.0,23.0,,23.0,23.0,23.0,23.0,23.0,11.0,11.0,11.0,,11.0,11.0,11.0,11.0,11.0,1.0,1.0,1.0,1.0,,1.0,1.0,1.0,1.0,1.0,0.0,0.0,0.0,0.0,,0.0,0.0,0.0,0.0,0.0,0.0,0.0,0.0,0.0,,0.0,0.0,0.0,0.0,0.0,0.0,0.0,0.0,,0.0,0.0,0.0,0.0,0.0
2022-01-20,stars,alltime,isabelle,bsd-2-clause,1,1.0,1.0,1.0,1.0,1.0,0.0,321.0,321.0,321.0,321.0,,321.0,321.0,321.0,321.0,321.0,317.0,317.0,317.0,,317.0,317.0,317.0,317.0,317.0,316.0,316.0,316.0,,316.0,316.0,316.0,316.0,316.0,1.0,1.0,1.0,1.0,,1.0,1.0,1.0,1.0,1.0,0.0,0.0,0.0,0.0,,0.0,0.0,0.0,0.0,0.0,0.0,0.0,0.0,0.0,,0.0,0.0,0.0,0.0,0.0,0.0,0.0,0.0,,0.0,0.0,0.0,0.0,0.0
2022-01-20,stars,alltime,isabelle,bsd-3-clause,2,2.0,2.0,2.0,2.0,2.0,0.0,18.0,1413.0,1431.0,715.5,986.4139597552338,157.5,366.75,715.5,1064.25,1273.5,119.0,383.0,251.0,186.67619023324855,145.4,185.0,251.0,317.0,356.6,73.0,100.0,86.5,19.091883092036785,75.7,79.75,86.5,93.25,97.3,1.0,2.0,3.0,1.5,0.7071067811865476,1.1,1.25,1.5,1.75,1.9,0.0,0.0,0.0,0.0,0.0,0.0,0.0,0.0,0.0,0.0,0.0,0.0,0.0,0.0,0.0,0.0,0.0,0.0,0.0,0.0,0.0,0.0,0.0,0.0,0.0,0.0,0.0,0.0,0.0
2022-01-20,stars,alltime,isabelle,gpl-3.0,4,4.0,4.0,4.0,4.0,4.0,0.0,67.0,1306.0,2558.0,639.5,610.1117383998879,100.9,151.75,592.5,1080.25,1215.7,443.0,1722.0,1211.25,556.7251715763053,666.8000000000001,1002.5,1340.0,1548.75,1652.7,98.0,1527.0,803.5,726.196713478288,148.10000000000002,223.25,794.5,1374.75,1466.1000000000001,0.0,0.0,0.0,0.0,0.0,0.0,0.0,0.0,0.0,0.0,0.0,0.0,0.0,0.0,0.0,0.0,0.0,0.0,0.0,0.0,0.0,0.0,0.0,0.0,0.0,0.0,0.0,0.0,0.0,0.0,0.0,4.0,1.0,2.0,0.0,0.0,0.0,1.0,2.8000000000000007
2022-01-20,stars,alltime,isabelle,isc,1,1.0,1.0,1.0,1.0,1.0,0.0,20.0,20.0,20.0,20.0,,20.0,20.0,20.0,20.0,20.0,1121.0,1121.0,1121.0,,1121.0,1121.0,1121.0,1121.0,1121.0,1088.0,1088.0,1088.0,,1088.0,1088.0,1088.0,1088.0,1088.0,0.0,0.0,0.0,0.0,,0.0,0.0,0.0,0.0,0.0,0.0,0.0,0.0,0.0,,0.0,0.0,0.0,0.0,0.0,0.0,0.0,0.0,0.0,,0.0,0.0,0.0,0.0,0.0,0.0,0.0,0.0,,0.0,0.0,0.0,0.0,0.0
2022-01-20,stars,alltime,isabelle,mit,6,6.0,6.0,6.0,6.0,6.0,1.0,5.0,6673.0,7422.0,1237.0,2667.2966839105093,9.0,28.75,179.5,349.75,3522.5,192.0,2502.0,1068.5,996.6629821559542,264.5,389.0,612.0,1786.75,2329.0,91.0,2142.0,780.1666666666666,815.586271749756,105.0,165.0,491.0,1180.0,1744.5,0.0,0.0,0.0,0.0,0.0,0.0,0.0,0.0,0.0,0.0,0.0,1.0,1.0,0.16666666666666666,0.408248290463863,0.0,0.0,0.0,0.0,0.5,0.0,0.0,0.0,0.0,0.0,0.0,0.0,0.0,0.0,0.0,0.0,0.0,0.0,0.0,0.0,0.0,0.0,0.0,0.0
2022-01-20,stars,alltime,isabelle,mpl-2.0,1,1.0,1.0,1.0,1.0,1.0,0.0,160.0,160.0,160.0,160.0,,160.0,160.0,160.0,160.0,160.0,2402.0,2402.0,2402.0,,2402.0,2402.0,2402.0,2402.0,2402.0,2327.0,2327.0,2327.0,,2327.0,2327.0,2327.0,2327.0,2327.0,0.0,0.0,0.0,0.0,,0.0,0.0,0.0,0.0,0.0,0.0,0.0,0.0,0.0,,0.0,0.0,0.0,0.0,0.0,0.0,0.0,0.0,0.0,,0.0,0.0,0.0,0.0,0.0,0.0,0.0,0.0,,0.0,0.0,0.0,0.0,0.0
2022-01-20,stars,alltime,isabelle,other,13,13.0,13.0,13.0,12.0,12.0,1.0,37.0,1583961.0,1948975.0,149921.15384615384,433629.4817750223,71.80000000000001,174.0,3773.0,66378.0,147119.40000000005,93.0,2744.0,1418.923076923077,855.6224305087751,235.00000000000009,607.0,1730.0,1837.0,2470.6000000000004,0.0,1510.0,388.15384615384613,460.51345368581906,7.000000000000005,77.0,315.0,427.0,1038.8000000000004,0.0,382.0,649.0,49.92307692307692,116.67866238696027,0.0,0.0,0.0,18.0,182.00000000000014,0.0,81.0,132.0,10.153846153846153,23.933401185533416,0.0,0.0,0.0,4.0,33.200000000000024,0.0,146.0,160.0,12.307692307692308,40.287269733305365,0.0,0.0,0.0,0.0,9.400000000000006,0.0,8.0,2.8461538461538463,2.609155477868712,0.0,0.0,4.0,4.0,5.0
2022-01-20,stars,alltime,isabelle,unlicense,1,1.0,1.0,1.0,1.0,1.0,0.0,7.0,7.0,7.0,7.0,,7.0,7.0,7.0,7.0,7.0,851.0,851.0,851.0,,851.0,851.0,851.0,851.0,851.0,839.0,839.0,839.0,,839.0,839.0,839.0,839.0,839.0,0.0,0.0,0.0,0.0,,0.0,0.0,0.0,0.0,0.0,0.0,0.0,0.0,0.0,,0.0,0.0,0.0,0.0,0.0,0.0,0.0,0.0,0.0,,0.0,0.0,0.0,0.0,0.0,0.0,0.0,0.0,,0.0,0.0,0.0,0.0,0.0
2022-01-20,stars,alltime,lean,,53,0.0,51.0,53.0,51.0,51.0,3.0,0.0,323749.0,346998.0,6547.132075471698,44451.263710961604,6.2,10.0,43.0,159.0,453.00000000000006,36.0,2308.0,653.2641509433962,519.2123898805914,89.0,321.0,528.0,854.0,1413.6000000000006,0.0,2258.0,480.52830188679246,500.2254723842649,30.8,144.0,340.0,582.0,1116.4000000000005,0.0,19.0,109.0,2.056603773584906,4.271619645717276,0.0,0.0,0.0,2.0,5.0,0.0,2.0,12.0,0.22641509433962265,0.5421293286648018,0.0,0.0,0.0,0.0,1.0,0.0,6.0,10.0,0.18867924528301888,0.8782982622353146,0.0,0.0,0.0,0.0,0.0,0.0,3.0,0.20754716981132076,0.7431350060085297,0.0,0.0,0.0,0.0,0.0
2022-01-20,stars,alltime,lean,apache-2.0,11,11.0,11.0,11.0,11.0,11.0,2.0,10.0,584183.0,588729.0,53520.818181818184,176001.74510601774,18.0,54.0,185.0,977.0,1860.0,16.0,1376.0,672.7272727272727,469.73313506907107,176.0,323.5,569.0,1086.0,1298.0,0.0,990.0,397.72727272727275,361.36493767633044,1.0,96.0,356.0,565.5,984.0,0.0,1324.0,1381.0,125.54545454545455,397.62956721963315,0.0,0.0,1.0,11.0,33.0,0.0,119.0,131.0,11.909090909090908,35.58498151033535,0.0,0.0,0.0,3.0,6.0,0.0,101.0,120.0,10.909090909090908,30.121270044453787,0.0,0.0,0.0,4.5,10.0,0.0,4.0,0.6363636363636364,1.2862913567871994,0.0,0.0,0.0,0.5,2.0
2022-01-20,stars,alltime,lean,bsd-3-clause,1,1.0,1.0,1.0,1.0,1.0,0.0,61.0,61.0,61.0,61.0,,61.0,61.0,61.0,61.0,61.0,97.0,97.0,97.0,,97.0,97.0,97.0,97.0,97.0,91.0,91.0,91.0,,91.0,91.0,91.0,91.0,91.0,0.0,0.0,0.0,0.0,,0.0,0.0,0.0,0.0,0.0,0.0,0.0,0.0,0.0,,0.0,0.0,0.0,0.0,0.0,0.0,0.0,0.0,0.0,,0.0,0.0,0.0,0.0,0.0,0.0,0.0,0.0,,0.0,0.0,0.0,0.0,0.0
2022-01-20,stars,alltime,lean,cc0-1.0,1,1.0,1.0,1.0,0.0,0.0,0.0,17.0,17.0,17.0,17.0,,17.0,17.0,17.0,17.0,17.0,259.0,259.0,259.0,,259.0,259.0,259.0,259.0,259.0,240.0,240.0,240.0,,240.0,240.0,240.0,240.0,240.0,1.0,1.0,1.0,1.0,,1.0,1.0,1.0,1.0,1.0,0.0,0.0,0.0,0.0,,0.0,0.0,0.0,0.0,0.0,0.0,0.0,0.0,0.0,,0.0,0.0,0.0,0.0,0.0,0.0,0.0,0.0,,0.0,0.0,0.0,0.0,0.0
2022-01-20,stars,alltime,lean,mit,7,7.0,7.0,7.0,7.0,6.0,0.0,4.0,153.0,421.0,60.142857142857146,52.52437076071948,7.0,17.0,71.0,79.5,112.20000000000002,111.0,1963.0,759.8571428571429,641.6178583787053,223.8,315.5,675.0,969.5,1508.2000000000003,14.0,1030.0,390.42857142857144,403.79815797122257,45.800000000000004,85.5,141.0,688.5,838.6000000000001,0.0,22.0,32.0,4.571428571428571,8.059303999253345,0.0,0.5,1.0,4.0,13.000000000000005,0.0,1.0,2.0,0.2857142857142857,0.4879500364742666,0.0,0.0,0.0,0.5,1.0,0.0,2.0,2.0,0.2857142857142857,0.7559289460184545,0.0,0.0,0.0,0.0,0.8000000000000007,0.0,3.0,0.42857142857142855,1.1338934190276817,0.0,0.0,0.0,0.0,1.200000000000001
2022-01-20,stars,alltime,lean,other,3,3.0,3.0,3.0,3.0,3.0,0.0,14.0,453305.0,453473.0,151157.66666666666,261667.2757154271,42.0,84.0,154.0,226729.5,362674.80000000005,156.0,1103.0,775.0,536.388851487426,338.0,611.0,1066.0,1084.5,1095.6,101.0,1103.0,620.0,501.96912255635806,212.0,378.5,656.0,879.5,1013.6,0.0,0.0,0.0,0.0,0.0,0.0,0.0,0.0,0.0,0.0,0.0,2.0,2.0,0.6666666666666666,1.1547005383792517,0.0,0.0,0.0,1.0,1.6,0.0,0.0,0.0,0.0,0.0,0.0,0.0,0.0,0.0,0.0,0.0,0.0,0.0,0.0,0.0,0.0,0.0,0.0,0.0
2022-01-20,stars,alltime,sml,,315,0.0,304.0,313.0,304.0,311.0,8.0,0.0,754519.0,4570841.0,14510.60634920635,67173.35817533283,4.0,18.5,156.0,1966.0,19144.000000000007,21.0,4668.0,1406.8825396825396,1002.6192110355147,258.20000000000005,528.5,1291.0,1950.0,2891.6,0.0,4237.0,1222.2698412698412,970.2233705375453,172.20000000000002,332.5,1022.0,1812.5,2814.8,0.0,836.0,2079.0,6.6,52.81561484991464,0.0,0.0,0.0,1.0,4.0,0.0,280.0,568.0,1.8031746031746032,16.424678188143172,0.0,0.0,0.0,0.0,1.0,0.0,36.0,188.0,0.5968253968253968,3.478687076347789,0.0,0.0,0.0,0.0,0.0,0.0,7.0,0.3333333333333333,1.2286391415413187,0.0,0.0,0.0,0.0,0.0
2022-01-20,stars,alltime,sml,agpl-3.0,3,3.0,3.0,3.0,3.0,3.0,0.0,49.0,505.0,922.0,307.3333333333333,233.97506989705835,112.80000000000001,208.5,368.0,436.5,477.6,219.0,1438.0,874.3333333333334,614.648137826296,368.4,592.5,966.0,1202.0,1343.6,104.0,1380.0,619.0,672.6299131022943,157.8,238.5,373.0,876.5,1178.6000000000001,0.0,8.0,9.0,3.0,4.358898943540674,0.2,0.5,1.0,4.5,6.6000000000000005,0.0,1.0,1.0,0.3333333333333333,0.5773502691896258,0.0,0.0,0.0,0.5,0.8,0.0,0.0,0.0,0.0,0.0,0.0,0.0,0.0,0.0,0.0,0.0,7.0,2.3333333333333335,4.041451884327381,0.0,0.0,0.0,3.5,5.6000000000000005
2022-01-20,stars,alltime,sml,apache-2.0,2,2.0,2.0,2.0,2.0,2.0,0.0,131.0,164.0,295.0,147.5,23.33452377915607,134.3,139.25,147.5,155.75,160.7,462.0,2648.0,1555.0,1545.7354236737929,680.6,1008.5,1555.0,2101.5,2429.4,385.0,2634.0,1509.5,1590.2831508885454,609.9,947.25,1509.5,2071.75,2409.1,0.0,0.0,0.0,0.0,0.0,0.0,0.0,0.0,0.0,0.0,0.0,0.0,0.0,0.0,0.0,0.0,0.0,0.0,0.0,0.0,0.0,0.0,0.0,0.0,0.0,0.0,0.0,0.0,0.0,0.0,0.0,1.0,0.5,0.7071067811865476,0.1,0.25,0.5,0.75,0.9
2022-01-20,stars,alltime,sml,bsd-2-clause,6,6.0,6.0,6.0,6.0,6.0,0.0,13.0,19100.0,20606.0,3434.3333333333335,7688.150692244962,36.5,62.5,111.5,945.75,10155.0,723.0,2154.0,1503.8333333333333,522.7402477968066,1010.0,1298.0,1423.5,1888.0,2078.0,141.0,1530.0,620.5,527.5500924082944,206.0,299.25,407.0,832.75,1248.5,0.0,148.0,160.0,26.666666666666668,59.51694436600947,0.0,0.0,2.5,6.5,77.5,0.0,7.0,7.0,1.1666666666666667,2.8577380332470415,0.0,0.0,0.0,0.0,3.5,0.0,39.0,39.0,6.5,15.921683328090658,0.0,0.0,0.0,0.0,19.5,0.0,5.0,1.3333333333333333,2.1602468994692865,0.0,0.0,0.0,2.25,4.0
2022-01-20,stars,alltime,sml,bsd-3-clause,7,7.0,7.0,7.0,6.0,6.0,0.0,2.0,95754.0,100527.0,14361.0,35912.987752807945,7.4,122.5,328.0,2099.0,40443.00000000004,729.0,3292.0,1512.142857142857,858.9583669715757,871.8000000000001,1095.0,1225.0,1574.5,2438.8000000000006,10.0,1279.0,581.8571428571429,613.3909652012134,20.8,84.0,194.0,1211.0,1246.6,0.0,12.0,21.0,3.0,4.725815626252608,0.0,0.0,0.0,4.5,9.000000000000002,0.0,3.0,5.0,0.7142857142857143,1.2535663410560174,0.0,0.0,0.0,1.0,2.4000000000000004,0.0,0.0,0.0,0.0,0.0,0.0,0.0,0.0,0.0,0.0,0.0,6.0,0.8571428571428571,2.2677868380553634,0.0,0.0,0.0,0.0,2.400000000000002
2022-01-20,stars,alltime,sml,cc-by-4.0,1,1.0,0.0,1.0,1.0,1.0,0.0,19.0,19.0,19.0,19.0,,19.0,19.0,19.0,19.0,19.0,1878.0,1878.0,1878.0,,1878.0,1878.0,1878.0,1878.0,1878.0,1876.0,1876.0,1876.0,,1876.0,1876.0,1876.0,1876.0,1876.0,0.0,0.0,0.0,0.0,,0.0,0.0,0.0,0.0,0.0,3.0,3.0,3.0,3.0,,3.0,3.0,3.0,3.0,3.0,0.0,0.0,0.0,0.0,,0.0,0.0,0.0,0.0,0.0,0.0,0.0,0.0,,0.0,0.0,0.0,0.0,0.0
2022-01-20,stars,alltime,sml,cc-by-sa-4.0,1,1.0,1.0,1.0,0.0,0.0,1.0,545.0,545.0,545.0,545.0,,545.0,545.0,545.0,545.0,545.0,992.0,992.0,992.0,,992.0,992.0,992.0,992.0,992.0,922.0,922.0,922.0,,922.0,922.0,922.0,922.0,922.0,0.0,0.0,0.0,0.0,,0.0,0.0,0.0,0.0,0.0,0.0,0.0,0.0,0.0,,0.0,0.0,0.0,0.0,0.0,0.0,0.0,0.0,0.0,,0.0,0.0,0.0,0.0,0.0,10.0,10.0,10.0,,10.0,10.0,10.0,10.0,10.0
2022-01-20,stars,alltime,sml,cc0-1.0,1,1.0,1.0,1.0,1.0,1.0,0.0,2063.0,2063.0,2063.0,2063.0,,2063.0,2063.0,2063.0,2063.0,2063.0,246.0,246.0,246.0,,246.0,246.0,246.0,246.0,246.0,243.0,243.0,243.0,,243.0,243.0,243.0,243.0,243.0,1.0,1.0,1.0,1.0,,1.0,1.0,1.0,1.0,1.0,0.0,0.0,0.0,0.0,,0.0,0.0,0.0,0.0,0.0,0.0,0.0,0.0,0.0,,0.0,0.0,0.0,0.0,0.0,5.0,5.0,5.0,,5.0,5.0,5.0,5.0,5.0
2022-01-20,stars,alltime,sml,gpl-2.0,5,5.0,5.0,5.0,4.0,4.0,0.0,140.0,224139.0,312967.0,62593.4,97763.50750561274,365.6,704.0,916.0,87068.0,169310.6,106.0,4595.0,2489.4,1601.227591568419,1019.6,2390.0,2504.0,2852.0,3897.8,3.0,2817.0,1557.4,1396.0183738045857,31.0,73.0,2390.0,2504.0,2691.8,0.0,1370.0,1370.0,274.0,612.6826258349423,0.0,0.0,0.0,0.0,822.0000000000001,0.0,412.0,412.0,82.4,184.25200134598265,0.0,0.0,0.0,0.0,247.20000000000005,0.0,194.0,194.0,38.8,86.75943752699183,0.0,0.0,0.0,0.0,116.40000000000002,0.0,9.0,1.8,4.024922359499621,0.0,0.0,0.0,0.0,5.4
2022-01-20,stars,alltime,sml,gpl-3.0,21,21.0,20.0,21.0,21.0,21.0,0.0,16.0,74325.0,231609.0,11029.0,20758.39119247925,29.0,66.0,806.0,5871.0,32122.0,255.0,2477.0,1205.8095238095239,682.5441831154683,372.0,643.0,1273.0,1786.0,2051.0,35.0,2386.0,889.1904761904761,801.2105602803559,70.0,254.0,532.0,1425.0,2193.0,0.0,28.0,61.0,2.9047619047619047,7.245031137992175,0.0,0.0,0.0,1.0,8.0,0.0,1.0,4.0,0.19047619047619047,0.40237390808147827,0.0,0.0,0.0,0.0,1.0,0.0,829.0,835.0,39.76190476190476,180.84051115883986,0.0,0.0,0.0,0.0,1.0,0.0,4.0,0.3333333333333333,1.0645812948447542,0.0,0.0,0.0,0.0,0.0
2022-01-20,stars,alltime,sml,isc,1,1.0,1.0,1.0,1.0,1.0,0.0,58.0,58.0,58.0,58.0,,58.0,58.0,58.0,58.0,58.0,2203.0,2203.0,2203.0,,2203.0,2203.0,2203.0,2203.0,2203.0,521.0,521.0,521.0,,521.0,521.0,521.0,521.0,521.0,1.0,1.0,1.0,1.0,,1.0,1.0,1.0,1.0,1.0,0.0,0.0,0.0,0.0,,0.0,0.0,0.0,0.0,0.0,1.0,1.0,1.0,1.0,,1.0,1.0,1.0,1.0,1.0,0.0,0.0,0.0,,0.0,0.0,0.0,0.0,0.0
2022-01-20,stars,alltime,sml,mit,47,47.0,47.0,47.0,44.0,43.0,1.0,1.0,67496.0,330629.0,7034.659574468085,16078.623104142634,5.400000000000002,14.5,104.0,2298.5,28814.19999999999,28.0,3741.0,1151.7021276595744,852.7259337201214,264.40000000000003,586.0,941.0,1516.5,2476.8,8.0,3013.0,880.1063829787234,776.2357394627237,32.2,333.5,719.0,1237.0,2105.999999999999,0.0,135.0,243.0,5.170212765957447,21.168392299899445,0.0,0.0,0.0,1.5,4.0,0.0,12.0,28.0,0.5957446808510638,1.8726820393092696,0.0,0.0,0.0,0.0,1.3999999999999986,0.0,15.0,23.0,0.48936170212765956,2.2924482870800316,0.0,0.0,0.0,0.0,0.3999999999999986,0.0,19.0,1.6808510638297873,3.6182291067095447,0.0,0.0,0.0,2.0,3.3999999999999986
2022-01-20,stars,alltime,sml,other,15,15.0,13.0,15.0,14.0,15.0,0.0,6.0,70172.0,178523.0,11901.533333333333,21069.33598135542,69.4,133.0,1302.0,14058.5,38553.799999999996,361.0,3981.0,2055.733333333333,1093.5446601806088,801.8000000000002,1457.0,1625.0,2818.0,3545.0,16.0,3638.0,1201.0,1189.2533672134678,35.6,199.0,1178.0,1740.0,2912.7999999999997,0.0,162.0,325.0,21.666666666666668,46.40453590308766,0.0,0.0,2.0,13.0,68.79999999999997,0.0,18.0,41.0,2.7333333333333334,4.651676605063515,0.0,0.0,1.0,3.5,5.199999999999999,0.0,18.0,39.0,2.6,5.220837371259791,0.0,0.0,0.0,2.0,8.799999999999999,0.0,5.0,0.3333333333333333,1.2909944487358054,0.0,0.0,0.0,0.0,0.0
2022-01-20,stars,alltime,tla,,40,0.0,39.0,40.0,38.0,39.0,1.0,1.0,1086187.0,1195518.0,29887.95,171516.01891009093,6.9,12.5,173.0,1184.0,8354.7,73.0,2263.0,967.05,563.9641264277683,302.40000000000003,575.25,980.5,1240.5,1797.7,55.0,1896.0,816.5,495.3548844398948,161.1,443.5,780.5,1116.0,1469.9000000000003,0.0,911.0,1615.0,40.375,172.8668803829505,0.0,0.0,0.0,1.0,14.200000000000003,0.0,75.0,104.0,2.6,12.088986299255607,0.0,0.0,0.0,0.0,2.0,0.0,1.0,4.0,0.1,0.3038218101251,0.0,0.0,0.0,0.0,0.10000000000000142,0.0,8.0,1.3,2.07796744872212,0.0,0.0,0.0,3.0,4.100000000000001
2022-01-20,stars,alltime,tla,apache-2.0,4,4.0,4.0,4.0,4.0,4.0,0.0,24.0,3557.0,6695.0,1673.75,1511.8825737029536,324.90000000000003,776.25,1557.0,2454.5,3116.0000000000005,363.0,1318.0,741.25,409.82303091293767,427.2,523.5,642.0,859.75,1134.7,114.0,1243.0,546.75,503.0708200641337,155.7,218.25,415.0,743.5,1043.2,2.0,15.0,36.0,9.0,5.477225575051661,3.8000000000000003,6.5,9.5,12.0,13.8,0.0,2.0,3.0,0.75,0.9574271077563381,0.0,0.0,0.5,1.25,1.7000000000000002,0.0,0.0,0.0,0.0,0.0,0.0,0.0,0.0,0.0,0.0,0.0,3.0,0.75,1.5,0.0,0.0,0.0,0.75,2.1000000000000005
2022-01-20,stars,alltime,tla,gpl-3.0,3,3.0,3.0,3.0,3.0,3.0,0.0,15.0,260.0,346.0,115.33333333333333,128.37575056580326,26.200000000000003,43.0,71.0,165.5,222.20000000000002,359.0,1659.0,1150.6666666666667,694.772144903157,574.0,896.5,1434.0,1546.5,1614.0,359.0,1658.0,1078.6666666666667,660.7725276775158,531.0,789.0,1219.0,1438.5,1570.2,0.0,2.0,2.0,0.6666666666666666,1.1547005383792517,0.0,0.0,0.0,1.0,1.6,0.0,0.0,0.0,0.0,0.0,0.0,0.0,0.0,0.0,0.0,0.0,0.0,0.0,0.0,0.0,0.0,0.0,0.0,0.0,0.0,0.0,9.0,4.0,4.58257569495584,0.6000000000000001,1.5,3.0,6.0,7.800000000000001
2022-01-20,stars,alltime,tla,mit,16,16.0,16.0,16.0,15.0,15.0,0.0,10.0,55718.0,102731.0,6420.6875,14131.260593538711,17.0,77.25,1782.5,4970.25,13444.5,24.0,1610.0,717.1875,409.8676564860093,289.0,385.5,716.5,923.0,1166.5,4.0,1518.0,462.0625,451.8631752717482,29.5,156.0,285.5,675.0,1073.0,0.0,164.0,291.0,18.1875,40.04367407385758,0.0,0.0,5.5,16.5,27.5,0.0,22.0,42.0,2.625,5.572252686302013,0.0,0.0,1.0,2.0,6.0,0.0,9.0,16.0,1.0,2.3664319132398464,0.0,0.0,0.0,1.0,2.5,0.0,6.0,1.5625,1.998958061924595,0.0,0.0,0.0,3.0,4.0
2022-01-20,stars,alltime,tla,other,1,1.0,1.0,1.0,1.0,1.0,0.0,22132.0,22132.0,22132.0,22132.0,,22132.0,22132.0,22132.0,22132.0,22132.0,1822.0,1822.0,1822.0,,1822.0,1822.0,1822.0,1822.0,1822.0,7.0,7.0,7.0,,7.0,7.0,7.0,7.0,7.0,7.0,7.0,7.0,7.0,,7.0,7.0,7.0,7.0,7.0,3.0,3.0,3.0,3.0,,3.0,3.0,3.0,3.0,3.0,3.0,3.0,3.0,3.0,,3.0,3.0,3.0,3.0,3.0,0.0,0.0,0.0,,0.0,0.0,0.0,0.0,0.0
